97091941,a/g,-50,-48,16359,3,10,-6
,210718,,,N*65
$GNVTG,,,,,,,,,N
97147826,a/g,-45,-12,16336,-11,8,-10
97200567,a/g,-41,6,16335,0,7,-9
*2E
$GNRMC,223438.00,V,,,,,,,21
97256558,a/g,-33,-27,16277,-13,0,-4
97309231,a/g,-24,3,16328,-3,7,-12
0718,,,N*62
$GNRMC,223438.20,V,
97365593,a/g,-23,-7,16336,2,0,-11
97418132,a/g,-55,-32,16310,-9,-4,-17
,,,,,,210718,,,N*60
$GNVTG,,,,,
97474868,a/g,-61,-50,16332,2,1,-13
97527474,a/g,-1,-5,16347,0,8,-14
,,,,N*2E
$GNRMC,223438.40,V,,,,
97583421,a/g,-49,-40,16334,-10,4,0
97636028,a/g,-27,-46,16333,3,-3,-4
,,,210718,,,N*66
$GNVTG,,,,,,,,
97692141,a/g,-18,-14,16354,-6,11,-6
97744814,a/g,-11,10,16339,1,1,-6
,N*2E
$GNRMC,223438.60,V,,,,,,,
97800620,a/g,-5,-15,16327,3,23,-9
97853159,a/g,-32,-16,16335,-8,-5,4
210718,,,N*64
$GNVTG,,,,,,,,,N*
97909188,a/g,-21,-39,16316,-3,5,0
97961727,a/g,-18,-15,16324,-7,5,-7
2E
$GNRMC,223438.80,V,,,,,,,210
98017701,a/g,-10,-8,16345,6,9,-1
98070173,a/g,-52,-23,16285,-2,13,2
718,,,N*6A
$GNVTG,,,,,,,,,N*2E
98126530,a/g,-18,11,16346,-2,7,0
98179003,a/g,-28,-29,16336,-10,4,-10

$GNRMC,223439.00,V,,,,,,,210718
98236000,a/g,-68,-38,16327,-6,8,-17
98288673,a/g,-25,-22,16346,6,3,-7
,,,N*63
$GNVTG,,,,,,,,,N*2E
$G
98345763,a/g,8,13,16331,1,5,-13
98398171,a/g,-59,-63,16320,-12,-2,-6
NRMC,223439.20,V,,,,,,,210718,,,
98454883,a/g,-79,-63,16260,-9,16,-9
98507556,a/g,22,-28,16311,1,10,-8
N*61
$GNRMC,223439.60,V,,,,,,,2
98563584,a/g,9,23,16297,-13,5,-5
98616057,a/g,12,-64,16375,-6,5,-6
10718,,,N*65
$GNVTG,,,,,,,,,N*2
98672098,a/g,-7,-50,16323,-9,6,-4
98724636,a/g,-59,1,16347,1,11,-11
E
$GNRMC,223439.80,V,,,,,,,2107
98780519,a/g,-24,-38,16300,-11,3,-9
98833192,a/g,-34,-41,16404,-13,7,-7
18,,,N*6B
$GNVTG,,,,,,,,,N*2E

98889158,a/g,-24,-11,16247,-3,-6,-2
98941828,a/g,-3,17,16343,0,7,-7
$GNRMC,223440.00,V,,,,,,,210718,
98997715,a/g,-31,-88,16301,-5,9,-13
99050388,a/g,84,-20,16229,-3,-4,-16
,,N*6D
$GNVTG,,,,,,,,,N*2E
$GN
99106787,a/g,1,17,16450,11,6,-8
99159194,a/g,-98,-58,16320,-4,19,0
RMC,223440.20,V,,,,,,,210718,,,N
99216047,a/g,-112,-51,16220,-8,5,-5
99268719,a/g,-14,-28,16408,-23,-1,-12
*6F
$GNVTG,,,,,,,,,N*2E
$GNRMC
99325885,a/g,-32,-39,16293,2,5,-5
99378424,a/g,-51,-32,16345,-12,9,3
,223440.40,V,,,,,,,210718,,,N*69
99434897,a/g,3,9,16314,-7,-2,-14
99487368,a/g,-96,-27,16356,5,26,-12

$GNRMC,223440.60,V,,,,,,,21071
99543552,a/g,8,19,16338,0,6,-6
99595891,a/g,38,6,16386,1,7,-10
8,,,N*6B
$GNVTG,,,,,,,,,N*2E
$
99651878,a/g,-40,-56,16320,5,14,-8
99704485,a/g,28,17,16317,-11,4,-5
GNRMC,223440.80,V,,,,,,,210718,,
99760331,a/g,-23,-59,16358,-13,13,-3
99813071,a/g,-33,-8,16332,-17,2,-9
,N*65
$GNVTG,,,,,,,,,N*2E
$GNR
99869039,a/g,-83,-2,16330,-1,4,2
99921510,a/g,-2,-28,16349,3,13,10
MC,223441.00,V,,,,,,,210718,,,N*
99977336,a/g,-19,-51,16351,-11,10,-7
100030077,a/g,-64,-20,16316,3,11,-11
6C
$GNVTG,,,,,,,,,N*2E
$GNRMC,
100086710,a/g,-32,19,16328,-8,8,-18
100139390,a/g,-56,-80,16341,2,15,-5
223441.20,V,,,,,,,210718,,,N*6E
100195985,a/g,-96,17,16248,-7,-1,1
100248597,a/g,-62,-10,16429,16,-1,6

$GNVTG,,,,,,,,,N*2E
$GNRMC,223
100305995,a/g,-23,-54,16281,-2,1,-12
100358741,a/g,-9,15,16266,-5,5,2
441.40,V,,,,,,,210718,,,N*68
$G
100415741,a/g,-33,-1,16321,-10,13,3
100468421,a/g,-41,-30,16275,-2,4,-15
NVTG,,,,,,,,,N*2E
$GNRMC,223441
100525763,a/g,-17,-9,16363,-7,7,2
100578308,a/g,-31,17,16262,-5,6,-11
.80,V,,,,,,,210718,,,N*64
$GNVT
100635095,a/g,20,-97,16319,-6,0,-6
100687707,a/g,-67,9,16280,-17,-6,-2
G,,,,,,,,,N*2E
$GNRMC,223442.00
100743837,a/g,-20,9,16342,2,16,-2
100796383,a/g,-54,-108,16257,-5,1,-10
,V,,,,,,,210718,,,N*6F
$GNVTG,,
100852577,a/g,-26,-7,16309,-7,9,-5
100905187,a/g,-4,35,16279,-4,-2,1
,,,,,,,N*2E
$GNRMC,223442.20,V,
100961042,a/g,-44,-33,16300,-17,4,-7
101013788,a/g,4,-16,16272,-13,1,-1
,,,,,,210718,,,N*6D
$GNVTG,,,,,
101070545,a/g,-15,-12,16307,-5,19,-10
101123358,a/g,-19,1,16289,7,17,4
,,,,N*2E
$GNRMC,223442.40,V,,,,
101179704,a/g,-37,-77,16309,-8,10,-2
101232449,a/g,-38,-27,16287,-10,9,2
,,,210718,,,N*6B
$GNRMC,223442.
101288436,a/g,-14,37,16315,0,12,-4
101341050,a/g,-53,-47,16278,-5,13,-3
60,V,,,,,,,210718,,,N*69
$GNVTG
101397395,a/g,27,-15,16316,-29,3,-11
101450142,a/g,-68,16,16281,-9,12,-9
,,,,,,,,,N*2E
$GNTXT,01,01,00,t
101506563,a/g,-28,-18,16378,9,6,-9
101559175,a/g,-45,-77,16296,-1,2,8
xbuf alloc*61
$GNRMC,223443.00,
101615963,a/g,-64,42,16332,-5,18,-9
101668643,a/g,-52,-35,16304,-12,14,5
V,,,,,,,210718,,,N*6E
$GNVTG,,,
101725731,a/g,7,-30,16317,5,8,-6
101778210,a/g,-39,-19,16305,-7,0,-1
,,,,,,N*2E
$GNRMC,223443.20,V,,
101834898,a/g,10,3,16309,0,7,-5
101887310,a/g,-19,-29,16338,-8,-1,1
,,,,,210718,,,N*6C
$GNVTG,,,,,,
101943558,a/g,-31,-40,16326,-11,13,8
101996306,a/g,-5,-15,16311,3,7,-5
,,,N*2E
$GNRMC,223443.40,V,,,,,
102052443,a/g,-27,17,16331,1,5,-13
102105057,a/g,-39,-51,16356,-7,2,-5
,,210718,,,N*6A
$GNVTG,,,,,,,,,
102161096,a/g,9,16,16304,-6,3,-12
102213642,a/g,-15,-9,16296,-7,-1,-5
N*2E
$GNGGA,223443.40,,,,,0,00,
102270283,a/g,-21,-15,16292,-16,12,4
102323031,a/g,-16,-44,16336,7,4,-1
99.99,,,,,,*7C
$GNRMC,223443.60
102379265,a/g,66,4,16277,-16,19,-20
102431946,a/g,-7,-37,16234,-10,5,-7
,V,,,,,,,210718,,,N*68
$GNVTG,,
102488549,a/g,-52,-69,16298,10,16,-11
102541365,a/g,0,4,16285,-4,5,-5
,,,,,,,N*2E
$GNRMC,223443.80,V,
102597842,a/g,-33,8,16318,-9,0,-5
102650386,a/g,-16,-60,16312,-1,-3,-14
,,,,,,210718,,,N*66
$GNVTG,,,,,
102706686,a/g,-30,-27,16311,-23,7,-6
102759432,a/g,-6,10,16338,2,5,-20
,,,,N*2E
$GNRMC,223444.00,V,,,,
102815881,a/g,-44,-37,16323,0,12,-5
102868561,a/g,20,-58,16330,-5,14,-5
,,,210718,,,N*69
$GNRMC,223444.
102925239,a/g,-23,3,16265,-1,5,-1
102977783,a/g,-38,-2,16319,2,15,-3
20,V,,,,,,,210718,,,N*6B
$GNVTG
103033725,a/g,-60,9,16356,-5,14,-10
103086405,a/g,-45,-58,16292,7,9,-2
,,,,,,,,,N*2E
$GNRMC,223444.40,
103143012,a/g,-51,-7,16355,-13,6,-6
103195691,a/g,2,5,16369,-2,5,-6
V,,,,,,,210718,,,N*6D
$GNVTG,,,
103251546,a/g,-68,-35,16211,-6,17,-15
103304360,a/g,-62,34,16350,2,18,-13
,,,,,,N*2E
$GNRMC,223444.60,V,,
103360489,a/g,-100,-36,16302,-3,6,-7
103413235,a/g,0,24,16313,-5,2,-2
,,,,,210718,,,N*6F
$GNRMC,22344
103469082,a/g,-23,8,16294,-7,8,-5
103521626,a/g,-26,-12,16274,-1,10,-7
4.80,V,,,,,,,210718,,,N*61
$GNV
103577721,a/g,-31,-25,16264,4,10,-6
103630401,a/g,-32,-43,16326,-13,10,-6
TG,,,,,,,,,N*2E
$GNRMC,223445.0
103686817,a/g,-27,-9,16278,6,9,0
103739295,a/g,-28,-45,16346,-17,4,5
0,V,,,,,,,210718,,,N*68
$GNVTG,
103796019,a/g,-31,-4,16321,-3,8,-2
103848629,a/g,-50,14,16302,-3,4,2
,,,,,,,,N*2E
$GNRMC,223445.20,V
103904798,a/g,-14,-46,16332,-6,10,-9
103957545,a/g,-41,-11,16341,-16,9,-1
,,,,,,,210718,,,N*6A
$GNVTG,,,,
104013854,a/g,-11,27,16325,-2,10,-5
104066533,a/g,13,-47,16322,-8,10,-9
,,,,,N*2E
$GNGGA,223445.20,,,,,
104123157,a/g,-34,-59,16287,-18,9,-6
104175903,a/g,14,74,16339,-14,11,-7
0,00,99.99,,,,,,*7C
$GNGSA,A,1,
104232726,a/g,-25,19,16288,9,11,-1
104285340,a/g,-86,-114,16304,5,16,-2
,,,,,,,,,,,,99.99,99.99,99.99*2E
104341327,a/g,1,-3,16342,-11,13,-6
104393940,a/g,43,82,16330,-7,2,-13

$GNRMC,223445.40,V,,,,,,,21071
104450776,a/g,-9,-25,16337,-4,13,-7
104503454,a/g,-73,-99,16308,7,25,0
8,,,N*6C
$GNRMC,223445.60,V,,,,
104559811,a/g,-41,42,16333,-17,9,4
104612424,a/g,-50,31,16316,-1,11,-2
,,,210718,,,N*6E
$GNVTG,,,,,,,,
104668381,a/g,-94,-114,16330,-6,2,7
104721061,a/g,-44,4,16337,2,19,-11
,N*2E
$GNRMC,223445.80,V,,,,,,,
104776963,a/g,-103,31,16326,-2,0,-11
104829710,a/g,-81,-29,16296,-9,7,-9
210718,,,N*60
$GNRMC,223446.00,
104886121,a/g,-46,-73,16328,-2,7,-4
104938799,a/g,-3,33,16303,4,11,-9
V,,,,,,,210718,,,N*6B
$GNVTG,,,
104995078,a/g,14,-37,16322,-3,5,-12
105047757,a/g,-49,-89,16338,-6,6,7
,,,,,,N*2E
$GNRMC,223446.20,V,,
105103877,a/g,-30,-27,16312,-8,12,-7
105156623,a/g,-7,26,16325,8,11,-13
,,,,,210718,,,N*69
$GNVTG,,,,,,
105213004,a/g,-8,1,16286,-15,-1,-2
105265614,a/g,-5,-49,16308,-3,7,-8
,,,N*2E
$GNRMC,223446.40,V,,,,,
105321713,a/g,-23,10,16284,-7,15,-12
105374460,a/g,-44,4,16305,7,3,1
,,210718,,,N*6F
$GNVTG,,,,,,,,,
105431105,a/g,-28,-79,16299,2,2,-3
105483718,a/g,11,-37,16306,-8,22,-1
N*2E
$GNRMC,223446.60,V,,,,,,,2
105540126,a/g,-4,-7,16295,-2,17,-10
105592804,a/g,-6,-57,16283,-8,7,-4
10718,,,N*6D
$GNRMC,223446.80,V
105648873,a/g,-5,-49,16278,-1,5,-7
105701483,a/g,-2,-10,16269,1,10,-5
,,,,,,,210718,,,N*63
$GNVTG,,,,
105757473,a/g,-45,-37,16316,9,26,2
105810087,a/g,-39,-28,16297,-14,3,-7
,,,,,N*2E
$GNRMC,223447.00,V,,,
105866636,a/g,-1,11,16279,-8,14,1
105919182,a/g,-18,-23,16283,3,15,3
,,,,210718,,,N*6A
$GNVTG,,,,,,,
105975758,a/g,-18,-51,16293,2,14,-5
106028438,a/g,-12,-52,16303,-2,6,-9
,,N*2E
$GNRMC,223447.20,V,,,,,,
106085547,a/g,-28,49,16320,-10,13,-4
106138295,a/g,-19,-24,16293,-8,10,-6
,210718,,,N*68
$GNVTG,,,,,,,,,N
106194921,a/g,-43,-105,16345,10,5,-16
106247736,a/g,-47,-20,16336,-7,-2,-10
*2E
$GNRMC,223447.40,V,,,,,,,21
106304064,a/g,-6,10,16337,1,5,-16
106356610,a/g,-57,-34,16286,-14,-3,-7
0718,,,N*6E
$GNVTG,,,,,,,,,N*2E
106412898,a/g,-26,-9,16312,-6,10,-14
106465644,a/g,-26,-13,16339,-8,9,-11

$GNRMC,223447.60,V,,,,,,,21071
106521940,a/g,-32,-47,16323,-2,14,-8
106574686,a/g,-22,-49,16338,-8,5,-8
8,,,N*6C
$GNVTG,,,,,,,,,N*2E
$
106631624,a/g,-9,4,16320,-7,7,-4
106684101,a/g,-9,35,16361,-4,-5,2
GNRMC,223447.80,V,,,,,,,210718,,
106740266,a/g,-56,-45,16342,-4,12,2
106792946,a/g,-76,-2,16356,-19,6,-16
,N*62
$GNVTG,,,,,,,,,N*2E
$GNR
106849085,a/g,-26,-5,16358,1,0,-4
106901629,a/g,-16,-14,16356,-9,7,-4
MC,223448.00,V,,,,,,,210718,,,N*
106957613,a/g,5,-50,16346,-4,16,0
107010160,a/g,-39,-23,16368,7,3,-8
65
$GNVTG,,,,,,,,,N*2E
$GNRMC,
107066605,a/g,-28,33,16325,-1,0,-11
107119285,a/g,-36,-16,16306,9,20,1
223448.20,V,,,,,,,210718,,,N*67
107175890,a/g,-29,-47,16349,-8,20,-7
107228636,a/g,-33,-4,16310,6,6,-5

$GNVTG,,,,,,,,,N*2E
$GNRMC,223
107285897,a/g,