
25990692,a/g,-0.01,0.01,1.00,0.00,-1.30,-0.32
26044289,a/g,0.05,0.00,1.00,-0.18,-1.15,0.16

26098014,a/g,-0.02,-0.01,1.00,0.16,2.73,-0.14
26151613,a/g,-0.03,0.01,1.00,-0.08,-1.32,-0.04

26205476,a/g,0.03,0.01,0.99,-0.10,-1.94,-0.02
26259075,a/g,0.01,0.00,1.00,0.05,1.30,0.06

26312641,a/g,-0.03,-0.01,1.00,0.02,0.82,0.03
26366173,a/g,-0.01,0.00,1.00,0.01,-0.85,-0.02

26419963,a/g,0.01,0.01,1.00,0.02,-0.37,-0.11
26473492,a/g,0.00,0.00,1.00,0.02,0.47,-0.06

26527153,a/g,-0.00,-0.00,1.00,0.00,0.25,-0.09
26580752,a/g,-0.01,-0.00,1.00,0.07,-0.38,0.08

26634517,a/g,0.01,-0.00,1.00,-0.08,-0.31,0.00
26688117,a/g,-0.01,0.00,1.00,-0.02,0.80,-0.06

26741909,a/g,-0.01,-0.00,1.00,-0.08,-0.21,0.02
26795578,a/g,0.01,0.00,1.00,-0.04,-0.66,-0.03

26849373,a/g,-0.00,0.00,0.99,-0.05,0.82,0.08
26902904,a/g,-0.01,-0.00,1.00,-0.02,-0.29,0.00

26956736,a/g,0.00,0.00,1.00,0.07,-0.11,-0.08
27010275,a/g,0.01,-0.01,1.00,-0.05,-0.32,0.03

27064068,a/g,0.00,-0.00,1.00,0.02,0.47,0.01
27117538,a/g,-0.01,0.01,1.00,0.05,0.18,-0.07

27171262,a/g,0.00,-0.00,1.00,0.02,-0.37,0.03
27224792,a/g,0.01,-0.00,1.00,0.07,-0.24,-0.05

27278561,a/g,0.01,-0.00,1.00,0.00,0.50,0.08
27332023,a/g,-0.02,0.00,1.00,0.07,0.07,-0.13

27385747,a/g,0.01,0.00,1.00,-0.10,-0.95,-0.02
27439343,a/g,0.01,-0.00,1.00,-0.02,0.74,-0.01

27493135,a/g,-0.01,0.00,1.00,-0.04,-0.02,0.01
27546735,a/g,-0.00,0.00,1.00,-0.05,-0.18,-0.02

27600571,a/g,0.00,0.00,1.00,-0.13,-0.29,0.06
27654114,a/g,-0.01,-0.01,1.00,0.06,0.97,0.01

27707839,a/g,-0.01,0.00,1.00,-0.02,-0.44,-0.11
27761510,a/g,0.01,0.00,1.00,0.00,-0.23,0.02

27815173,a/g,0.01,0.00,1.00,-0.01,0.00,-0.06
27868712,a/g,0.00,-0.01,1.00,-0.05,0.79,-0.11

27922478,a/g,-0.02,0.01,1.00,0.02,-0.51,-0.04
27976074,a/g,0.02,-0.00,1.00,-0.04,-0.89,0.04

28029865,a/g,-0.00,0.01,1.00,0.00,1.21,-0.17
28083394,a/g,-0.01,-0.01,1.00,-0.09,-0.29,0.18

28137254,a/g,-0.01,0.00,1.00,0.04,0.05,-0.21
28190793,a/g,0.01,0.01,1.00,-0.11,-0.72,-0.05

28244561,a/g,-0.01,-0.00,1.00,0.10,1.06,-0.11
28298157,a/g,-0.01,0.00,1.00,0.01,-0.40,-0.02

28351947,a/g,0.00,-0.00,1.00,-0.06,-0.17,0.05
28405552,a/g,0.00,0.01,1.00,0.00,-0.27,-0.04

28459277,a/g,0.01,-0.00,1.00,0.00,0.79,0.06
28512739,a/g,-0.03,-0.00,1.00,-0.02,0.14,-0.09

28566575,a/g,0.02,0.00,1.00,0.02,-0.79,0.08
28620043,a/g,0.00,0.00,1.00,-0.03,0.72,0.02

28673700,a/g,-0.01,-0.00,1.00,-0.04,0.22,-0.03
28727364,a/g,-0.01,-0.00,1.00,-0.06,-0.45,-0.04

28781290,a/g,0.02,0.00,1.00,-0.05,-0.61,0.00
28834820,a/g,0.00,0.00,1.00,-0.01,0.93,-0.01

28888517,a/g,-0.01,-0.00,1.00,-0.10,-0.37,0.02
28942186,a/g,0.01,-0.00,1.00,0.02,0.02,-0.15

28995910,a/g,-0.00,-0.00,1.00,-0.02,-0.12,0.01
29049582,a/g,0.00,-0.00,1.00,-0.06,0.27,-0.06

29103375,a/g,-0.01,0.00,1.00,-0.06,-0.03,-0.02
29157053,a/g,0.01,-0.00,1.00,-0.02,-0.02,0.01

29210821,a/g,-0.00,0.00,1.00,0.07,0.16,-0.02
29264354,a/g,0.00,-0.00,1.00,-0.04,0.15,-0.02

29318147,a/g,-0.01,0.00,1.00,-0.04,-0.39,-0.05
29371810,a/g,0.02,-0.00,1.00,-0.11,-0.35,0.05

29425603,a/g,-0.00,-0.00,1.01,0.08,0.78,0.08
29479140,a/g,-0.01,0.00,1.00,-0.01,-0.32,0.01

29532906,a/g,0.01,0.00,1.00,-0.05,-0.79,-0.06
29586507,a/g,0.01,-0.00,1.00,-0.08,0.50,0.02

29640229,a/g,-0.02,-0.00,1.00,0.00,0.31,0.09
29693764,a/g,0.00,0.00,1.00,0.03,-0.58,-0.03

29747487,a/g,0.00,0.00,1.00,0.07,0.22,0.06
29800885,a/g,-0.00,-0.00,1.00,0.08,0.10,-0.06

29854654,a/g,-0.00,0.00,1.00,-0.01,-0.21,0.02
29908260,a/g,0.00,-0.00,1.00,0.00,0.04,0.02

29961917,a/g,-0.00,0.00,1.00,-0.05,0.17,-0.02
30015516,a/g,-0.01,-0.00,1.00,-0.05,0.05,0.06

30069306,a/g,0.00,-0.00,1.00,-0.08,-0.17,-0.02
30122972,a/g,0.01,0.00,1.00,0.05,0.11,-0.02

30176603,a/g,-0.01,0.00,1.00,0.02,0.41,-0.03
30230141,a/g,-0.00,-0.00,1.00,-0.02,-0.32,-0.02

30284070,a/g,0.01,-0.00,1.00,0.01,-0.09,-0.07
30337671,a/g,-0.00,0.00,1.00,0.02,0.24,0.05

30391329,a/g,-0.00,-0.00,1.00,-0.02,0.11,0.00
30444923,a/g,-0.01,-0.00,1.00,-0.14,-0.35,0.04

30498758,a/g,0.01,-0.00,1.00,-0.05,0.06,-0.02
30552360,a/g,-0.01,0.00,1.00,0.00,0.33,-0.08

30606089,a/g,-0.00,-0.00,1.00,-0.07,-0.57,-0.02
30659822,a/g,0.01,-0.00,1.00,0.18,-0.11,0.01

30713549,a/g,-0.01,-0.00,1.00,-0.14,0.31,0.11
30767148,a/g,-0.01,0.00,1.00,-0.05,-0.03,-0.09

30820982,a/g,0.00,0.00,1.00,-0.10,-0.21,-0.12
30874583,a/g,0.00,-0.01,1.00,0.04,0.13,-0.05

30928309,a/g,-0.00,0.00,1.00,-0.07,0.05,0.03
30981841,a/g,-0.01,-0.00,1.00,0.00,0.18,-0.05

31035633,a/g,0.00,-0.00,1.00,0.04,-0.49,-0.05
31089235,a/g,0.01,0.00,1.00,0.09,0.32,-0.11

31142865,a/g,-0.01,0.00,1.00,-0.06,0.02,0.05
31196404,a/g,0.00,-0.00,1.00,-0.05,-0.15,-0.03

31250262,a/g,-0.00,-0.00,1.00,0.03,0.14,-0.05
31303864,a/g,0.00,-0.00,1.00,-0.12,-0.05,0.01

31357658,a/g,-0.01,0.00,1.00,0.05,0.49,-0.05
31411199,a/g,-0.01,0.00,1.00,-0.05,-0.37,-0.03

31465037,a/g,0.01,-0.00,1.00,-0.05,0.01,-0.01
31518641,a/g,0.00,-0.00,1.00,0.03,0.38,-0.04

31572365,a/g,-0.01,0.00,1.00,0.01,0.24,0.03
31625846,a/g,-0.00,0.00,1.00,-0.05,-0.41,-0.09

31679708,a/g,0.01,-0.01,1.00,-0.09,-0.27,-0.11
31733372,a/g,0.00,-0.00,1.00,0.01,0.43,0.02

31787005,a/g,-0.01,0.00,1.00,-0.03,0.27,0.02
31840536,a/g,-0.01,0.00,1.00,0.06,-0.42,-0.08

31894328,a/g,0.01,-0.00,1.00,0.03,-0.37,0.05
31947858,a/g,-0.00,0.00,1.00,0.03,0.66,0.03

32001518,a/g,-0.01,0.00,1.00,0.00,0.03,0.02
32054982,a/g,0.00,-0.00,1.00,-0.03,-0.68,0.02

32108749,a/g,0.00,-0.00,1.00,0.08,0.44,0.04
32162217,a/g,-0.01,0.00,1.00,0.05,0.14,0.08

32215874,a/g,-0.00,0.00,1.00,-0.07,-0.34,-0.02
32269536,a/g,0.00,-0.00,1.00,0.03,0.38,-0.08

32323267,a/g,-0.01,0.00,1.00,-0.02,0.03,-0.05
32376873,a/g,0.01,-0.00,1.00,-0.02,-0.56,0.04

32430640,a/g,0.00,0.00,1.00,0.07,0.82,0.00
32484035,a/g,-0.01,0.00,1.00,-0.08,0.15,-0.01

32537832,a/g,0.00,-0.01,1.00,0.03,-0.45,-0.10
32591429,a/g,0.01,0.00,1.00,-0.02,-0.05,0.08

32645156,a/g,0.00,0.00,1.00,0.05,0.58,-0.08
32698619,a/g,-0.01,-0.00,1.00,-0.02,0.00,0.05

32752385,a/g,-0.00,0.01,0.99,0.06,-0.47,-0.04
32805987,a/g,0.01,0.00,0.99,0.17,0.40,-0.07

32859644,a/g,-0.02,-0.00,0.99,0.02,0.37,-0.04
32913244,a/g,-0.00,0.00,1.00,-0.02,-0.69,0.05

32967038,a/g,0.02,0.00,1.00,0.11,-0.14,0.04
33020506,a/g,-0.01,-0.00,1.00,-0.05,0.67,0.02

33074275,a/g,-0.01,0.00,1.00,-0.08,-0.39,0.04
33127876,a/g,0.01,0.00,1.00,-0.02,-0.31,0.01

33181602,a/g,-0.00,-0.00,1.00,-0.08,0.40,0.03
33235205,a/g,-0.01,-0.01,1.00,0.02,0.21,-0.13

33288998,a/g,-0.00,-0.00,1.00,0.03,-0.91,-0.11
33342661,a/g,0.02,0.00,1.00,-0.04,0.11,0.03

33396294,a/g,-0.01,0.00,1.00,0.02,1.21,0.13
33449758,a/g,-0.03,-0.00,1.00,-0.05,-0.05,-0.08

33503683,a/g,0.01,0.00,1.00,0.04,-0.90,-0.10
33557231,a/g,0.02,-0.00,1.00,-0.10,0.02,0.05

33610958,a/g,-0.01,0.00,1.00,0.13,1.14,-0.05
33664491,a/g,-0.02,0.00,1.00,-0.08,-0.39,0.01

33718259,a/g,0.01,-0.00,1.00,-0.02,-0.71,0.00
33771855,a/g,0.01,0.00,1.00,0.02,0.50,0.05

33825444,a/g,-0.02,0.00,1.00,0.09,0.79,0.04
33878910,a/g,-0.01,0.00,1.00,-0.08,-0.69,0.04

33932703,a/g,0.02,-0.00,1.00,-0.04,-0.23,-0.08
33986369,a/g,0.00,-0.00,1.00,0.02,0.69,-0.04

34040072,a/g,-0.01,-0.00,1.00,0.05,0.29,0.07
34093606,a/g,-0.00,0.01,1.01,-0.18,-0.46,0.12

34147399,a/g,0.01,-0.01,1.00,-0.19,-0.12,-0.08
34201063,a/g,-0.01,-0.01,1.00,-0.03,0.84,-0.07

34254923,a/g,-0.01,-0.00,1.01,-0.05,-0.32,-0.05
34308656,a/g,-0.00,-0.00,1.02,0.05,-0.01,-0.11

34362492,a/g,-0.00,0.00,1.01,0.03,0.15,-0.12
34416032,a/g,0.01,-0.00,1.00,-0.14,-0.45,-0.07

34469891,a/g,0.00,-0.00,1.00,-0.02,0.72,-0.01
34523490,a/g,-0.02,0.01,1.01,0.06,0.19,0.06

34577152,a/g,0.01,-0.00,1.01,-0.06,-0.76,-0.13
34630814,a/g,0.02,-0.00,1.00,-0.01,0.22,-0.08

34684578,a/g,-0.01,-0.01,1.00,0.11,0.72,0.05
34738111,a/g,-0.02,-0.00,1.00,0.04,-0.24,-0.05

34791969,a/g,0.01,0.01,1.00,0.00,-0.64,0.05
34845432,a/g,0.01,-0.00,1.00,-0.02,0.50,-0.04

34899224,a/g,-0.01,-0.01,1.01,-0.03,0.69,-0.05
34952889,a/g,-0.01,-0.01,1.00,-0.04,-0.54,0.02

35006722,a/g,0.02,0.00,1.00,-0.08,-0.43,0.02
35060264,a/g,0.00,0.00,1.00,0.05,0.74,0.05

35113854,a/g,-0.01,-0.00,1.00,0.05,0.34,0.00
35167382,a/g,-0.00,-0.00,1.00,0.10,-0.68,-0.02

35221244,a/g,0.01,0.00,1.00,-0.02,-0.11,0.00
35274782,a/g,0.00,0.00,1.00,-0.02,0.62,-0.04

35328481,a/g,-0.01,-0.00,1.00,-0.03,-0.11,0.02
35382143,a/g,0.00,-0.00,1.00,0.11,-0.40,0.00

35435866,a/g,0.01,0.00,1.00,0.02,0.12,0.09
35489263,a/g,-0.00,0.00,1.00,-0.11,0.26,-0.04

35543057,a/g,-0.01,-0.00,1.00,-0.09,-0.04,-0.08
35596788,a/g,-0.00,-0.01,1.00,-0.03,-0.24,-0.04

35650688,a/g,0.00,0.00,1.00,-0.03,0.11,0.01
35704151,a/g,-0.00,0.00,1.00,0.03,0.08,0.03

35757807,a/g,-0.00,-0.00,1.00,0.00,0.05,-0.05
35811414,a/g,-0.00,-0.00,1.00,-0.01,-0.24,-0.06

35865341,a/g,0.01,0.00,1.00,0.09,-0.14,-0.01
35918871,a/g,-0.00,0.00,1.00,0.02,0.27,-0.02

35972568,a/g,-0.00,-0.00,1.00,0.08,0.05,-0.03
36026168,a/g,-0.00,-0.00,1.00,-0.04,-0.13,-0.13

36080094,a/g,0.00,0.00,1.00,-0.08,-0.04,0.01
36133627,a/g,-0.00,0.00,1.00,-0.11,0.37,-0.10

36187422,a/g,-0.00,0.00,1.00,-0.07,-0.17,-0.02
36241094,a/g,0.00,-0.00,1.00,0.00,0.07,-0.08

36294791,a/g,-0.00,0.00,1.00,-0.11,0.08,0.05
36348320,a/g,0.00,-0.00,1.00,-0.08,0.06,0.12

36402046,a/g,-0.00,-0.00,1.00,-0.01,0.02,-0.02
36455711,a/g,0.00,-0.00,1.00,0.03,-0.06,0.08

36509435,a/g,-0.00,0.00,1.00,0.03,0.13,-0.06
36562969,a/g,-0.00,0.00,1.00,-0.11,0.10,0.02

36616668,a/g,-0.00,-0.00,1.00,-0.05,-0.05,-0.03
36670412,a/g,0.00,-0.00,1.00,0.00,-0.14,0.01

36724138,a/g,-0.00,0.00,1.00,-0.05,0.16,0.00
36777669,a/g,0.00,0.00,1.00,0.03,0.02,-0.03

36831326,a/g,-0.00,0.00,1.00,-0.03,0.09,0.05
36884855,a/g,0.00,-0.00,1.00,0.00,-0.08,-0.02

36938617,a/g,-0.00,0.00,1.00,0.05,0.10,-0.03
36992158,a/g,-0.00,0.00,1.00,0.07,0.02,0.05

37045814,a/g,-0.00,0.00,1.00,-0.05,-0.08,-0.09
37099479,a/g,0.00,-0.00,1.00,-0.01,-0.06,0.05

37153272,a/g,-0.00,-0.00,1.00,0.08,0.18,-0.05
37206871,a/g,-0.01,0.00,1.00,-0.03,-0.08,-0.01
