48583929,a/g,0.00,0.00,1.00,-0.04,-0.02,-0.06

48637715,a/g,-0.00,-0.00,1.00,0.02,0.20,0.02
48691251,a/g,-0.00,-0.00,1.00,-0.03,-0.08,-0.07

48745180,a/g,0.00,-0.00,1.00,0.06,-0.08,0.12
48798712,a/g,-0.00,0.00,1.00,-0.01,0.24,-0.04

48852478,a/g,-0.00,0.00,1.00,0.01,-0.11,0.11
48906011,a/g,-0.00,-0.00,1.00,-0.11,0.00,-0.03

48959869,a/g,-0.00,-0.00,1.00,0.02,0.11,-0.07
49013472,a/g,-0.00,0.00,1.00,-0.07,-0.01,0.01

49067263,a/g,-0.00,0.00,1.00,0.02,0.02,-0.01
49120794,a/g,-0.00,-0.00,1.00,0.04,0.05,-0.01

49174559,a/g,0.00,0.00,1.00,-0.01,-0.08,-0.04
49228158,a/g,0.00,0.00,1.00,0.04,0.09,-0.05

49281815,a/g,-0.00,-0.00,1.00,0.03,0.08,-0.06
49335417,a/g,-0.00,-0.00,1.00,-0.09,-0.05,-0.02

49389344,a/g,0.00,-0.00,1.00,0.02,0.03,0.00
49442806,a/g,-0.00,-0.00,1.00,0.02,0.06,-0.06

49496570,a/g,-0.00,0.00,1.01,0.07,-0.08,0.03
49550103,a/g,-0.00,-0.00,1.00,-0.07,0.01,0.02

49603895,a/g,-0.00,0.00,1.00,0.00,0.07,0.01
49657359,a/g,-0.00,0.00,1.00,0.02,0.05,-0.05

49711089,a/g,0.00,0.00,1.00,-0.08,-0.02,0.03
49764619,a/g,0.00,-0.00,1.00,-0.06,-0.04,-0.05

49818455,a/g,-0.00,-0.00,1.00,-0.05,0.13,-0.01
49872120,a/g,-0.00,-0.00,1.00,-0.11,-0.04,0.03

49925978,a/g,-0.00,-0.00,1.00,0.02,0.08,0.00
49979508,a/g,-0.00,0.00,1.00,0.02,-0.19,-0.03

50033302,a/g,0.01,-0.00,1.00,0.11,-0.03,-0.01
50086898,a/g,-0.01,-0.00,1.00,-0.06,0.18,0.10

50140662,a/g,-0.00,0.00,1.00,-0.08,-0.05,-0.01
50194330,a/g,0.00,-0.00,1.00,-0.04,-0.04,0.06

50248124,a/g,0.00,-0.00,1.00,-0.02,0.22,0.04
50301657,a/g,-0.01,-0.00,1.00,0.08,0.06,0.08

50355385,a/g,-0.00,-0.00,1.00,-0.01,-0.02,-0.03
50409118,a/g,0.00,-0.00,1.00,-0.11,-0.10,0.02

50462884,a/g,0.00,-0.00,1.00,-0.14,0.15,-0.01
50516484,a/g,-0.01,-0.00,1.00,0.02,0.03,-0.02

50570275,a/g,0.01,-0.00,1.00,0.05,-0.23,-0.02
50623873,a/g,-0.00,0.00,1.00,-0.05,0.32,0.00

50677598,a/g,-0.01,-0.00,1.00,-0.01,0.08,0.02
50731198,a/g,0.00,-0.00,1.01,-0.05,-0.18,-0.01

50785033,a/g,0.00,-0.00,1.00,0.00,0.18,-0.02
50838567,a/g,-0.00,0.00,1.00,-0.01,-0.02,0.00

50892355,a/g,-0.00,0.00,1.00,-0.05,0.11,-0.04
50945959,a/g,0.00,-0.00,1.00,0.03,-0.21,0.01

50999685,a/g,-0.00,-0.00,1.00,0.01,0.23,-0.03
51053283,a/g,-0.00,0.00,1.00,0.05,0.10,0.02

51106913,a/g,0.00,0.00,1.00,0.09,-0.18,-0.04
51160442,a/g,0.00,-0.00,1.00,-0.14,0.02,0.02

51214166,a/g,-0.01,0.00,1.00,0.03,0.12,-0.05
51267697,a/g,-0.00,0.00,1.00,0.05,-0.10,0.01

51321421,a/g,-0.00,-0.00,1.00,-0.13,0.09,-0.08
51375104,a/g,0.00,-0.01,1.00,-0.05,-0.05,-0.02

51428939,a/g,0.00,0.00,1.00,-0.04,0.21,-0.02
51482470,a/g,-0.00,0.00,1.00,0.07,-0.11,-0.02

51536261,a/g,0.00,-0.00,1.00,0.03,-0.17,-0.05
51589867,a/g,0.00,-0.00,1.00,-0.05,0.25,-0.02

51643660,a/g,0.00,0.00,1.00,0.01,-0.08,-0.05
51697194,a/g,0.00,0.00,1.00,0.03,-0.01,-0.03

51750893,a/g,-0.00,-0.00,1.00,-0.06,0.12,-0.04
51804556,a/g,-0.00,-0.00,1.00,-0.02,-0.02,-0.05

51858481,a/g,0.00,-0.00,1.00,-0.03,-0.08,0.00
51912074,a/g,-0.00,0.00,1.00,-0.04,0.22,-0.05

51965871,a/g,-0.00,0.00,1.01,0.06,-0.06,-0.03
52019478,a/g,0.00,-0.00,1.01,0.03,-0.08,-0.04

52073243,a/g,0.00,-0.00,1.00,0.02,0.11,-0.06
52126773,a/g,-0.00,0.00,1.01,-0.05,0.29,0.05

52180495,a/g,-0.00,-0.00,1.00,-0.07,-0.33,-0.07
52234227,a/g,0.00,0.00,1.00,0.05,0.13,-0.08

52287885,a/g,-0.01,-0.00,1.00,0.04,0.23,-0.07
52341484,a/g,-0.00,-0.00,1.01,0.00,-0.24,0.00

52395246,a/g,0.00,-0.00,1.00,-0.09,-0.05,-0.03
52448915,a/g,-0.00,-0.00,1.00,-0.07,0.37,0.01

52502705,a/g,-0.01,-0.00,1.00,-0.03,0.00,0.02
52556302,a/g,0.01,0.00,1.00,-0.02,-0.27,0.08

52610028,a/g,0.00,0.00,1.00,0.03,0.38,-0.01
52663494,a/g,-0.01,-0.00,1.00,0.04,0.24,0.02

52717191,a/g,0.00,0.00,1.00,0.01,-0.21,-0.03
52770730,a/g,0.01,-0.00,1.00,-0.02,0.03,-0.04

52824521,a/g,-0.00,-0.00,1.00,0.04,0.29,-0.02
52878123,a/g,-0.00,-0.00,1.00,0.02,-0.21,-0.02

52931986,a/g,0.00,0.00,1.01,-0.01,-0.10,-0.05
52985584,a/g,0.00,-0.00,1.00,0.07,0.09,0.04

53039218,a/g,-0.01,-0.00,1.01,-0.03,0.18,0.07
53092815,a/g,-0.00,-0.00,1.00,-0.02,-0.18,0.04

53146680,a/g,0.00,0.00,1.00,0.02,0.07,-0.05
53200141,a/g,-0.00,0.00,1.00,-0.05,0.09,0.02

53253868,a/g,-0.00,-0.00,1.00,-0.03,0.08,0.00
53307465,a/g,0.00,0.00,1.01,0.00,-0.21,-0.05

53361166,a/g,0.00,-0.00,1.00,-0.09,0.24,0.01
53414697,a/g,-0.01,-0.00,1.00,-0.01,0.08,-0.09

53468557,a/g,0.00,-0.00,1.00,-0.02,-0.07,0.06
53522152,a/g,-0.00,-0.00,1.00,0.03,0.00,0.02

53575882,a/g,0.00,-0.00,1.00,-0.04,0.05,0.01
53629414,a/g,-0.00,0.00,1.00,-0.02,0.02,-0.01

53683181,a/g,0.00,-0.00,1.01,0.00,-0.21,-0.08
53736777,a/g,0.00,-0.00,1.00,-0.12,0.09,-0.03

53790567,a/g,-0.00,0.00,1.00,-0.08,0.07,0.06
53844097,a/g,0.00,-0.00,1.00,-0.02,-0.02,-0.01

53897958,a/g,-0.00,-0.00,1.00,-0.02,0.08,-0.03
53951625,a/g,0.00,-0.00,1.00,0.09,0.05,-0.06

54005328,a/g,-0.00,0.00,1.00,0.02,0.07,-0.01
54058860,a/g,-0.00,0.00,1.00,0.06,0.10,-0.08

54112582,a/g,0.00,-0.00,1.00,0.02,-0.32,0.00
54166112,a/g,0.00,0.00,1.00,0.03,0.36,-0.06

54219769,a/g,-0.01,-0.00,1.00,0.04,-0.07,-0.03
54273433,a/g,0.00,-0.00,1.00,-0.03,-0.22,-0.02

54327268,a/g,-0.00,0.00,1.00,-0.02,0.05,0.04
54380808,a/g,-0.00,-0.00,1.00,0.08,0.22,-0.05

54434599,a/g,-0.00,-0.00,1.00,-0.09,-0.14,-0.04
54488332,a/g,0.00,-0.00,1.01,-0.02,-0.03,0.03

54542127,a/g,-0.00,0.00,1.00,-0.02,0.18,0.00
54595661,a/g,-0.00,-0.00,1.00,0.04,-0.19,0.02

54649431,a/g,0.00,-0.00,1.00,0.06,0.02,-0.05
54702967,a/g,-0.01,0.00,1.00,-0.03,0.15,0.02

54756695,a/g,-0.00,0.00,1.00,-0.05,-0.22,0.03
54810303,a/g,0.01,-0.00,1.00,-0.07,0.05,0.01

54864033,a/g,-0.01,-0.00,1.00,0.01,0.24,0.01
54917562,a/g,-0.00,-0.00,1.00,-0.07,-0.17,0.01

54971398,a/g,0.00,0.00,1.00,-0.02,-0.06,-0.01
55024995,a/g,-0.00,-0.00,1.00,0.02,0.21,-0.08

55078788,a/g,-0.00,-0.00,1.00,0.04,0.03,-0.02
55132391,a/g,-0.00,-0.00,1.00,-0.03,0.11,-0.07

55186252,a/g,0.00,0.00,1.00,0.03,-0.03,0.02
55239716,a/g,0.00,0.00,1.00,-0.03,0.17,0.03

55293350,a/g,-0.00,-0.00,1.00,-0.02,0.04,-0.09
55347016,a/g,-0.00,0.00,1.00,0.11,-0.15,-0.07

55400806,a/g,0.00,0.00,1.00,-0.01,0.12,0.03
55454266,a/g,-0.00,-0.00,1.00,0.05,0.02,0.02

55507994,a/g,0.00,-0.00,1.00,-0.08,0.06,-0.11
55561594,a/g,-0.00,0.00,1.00,-0.11,-0.02,-0.01

55615428,a/g,0.00,-0.00,1.00,-0.04,0.14,-0.02
55669027,a/g,-0.00,0.00,1.00,-0.02,0.11,0.02

55722756,a/g,-0.00,-0.00,1.00,-0.05,-0.11,0.03
55776421,a/g,0.00,0.00,1.00,0.10,-0.11,-0.01

55830149,a/g,-0.00,-0.00,1.00,-0.03,0.14,-0.02
55883815,a/g,-0.01,0.00,1.00,-0.02,-0.04,-0.02

55937648,a/g,0.00,-0.00,1.00,-0.05,0.01,0.05
55991181,a/g,-0.00,-0.00,1.00,0.01,0.11,0.04

56044905,a/g,0.00,-0.00,1.00,0.02,-0.16,-0.06
56098504,a/g,-0.00,0.00,1.00,0.03,0.08,0.05

56152166,a/g,-0.00,-0.00,1.00,0.02,-0.05,0.03
56205766,a/g,0.00,0.00,1.00,0.02,-0.05,-0.08

56259467,a/g,0.00,-0.00,1.00,-0.01,0.02,-0.05
56313065,a/g,-0.00,0.00,1.00,-0.08,0.14,-0.05

56366858,a/g,-0.00,-0.00,1.00,0.00,-0.04,0.00
56420455,a/g,0.00,0.00,1.00,-0.02,0.04,-0.03

56474184,a/g,0.00,-0.00,1.00,-0.02,0.12,0.01
56527714,a/g,-0.00,-0.00,1.00,0.02,0.04,0.01

56581411,a/g,0.00,0.00,1.00,-0.02,-0.24,0.02
56634946,a/g,0.00,0.00,1.01,-0.01,0.14,0.00

56688602,a/g,-0.00,0.00,1.00,-0.03,-0.02,-0.02
56742265,a/g,-0.00,-0.00,1.00,-0.02,0.02,0.07

56796059,a/g,0.00,-0.00,1.00,0.02,-0.06,0.02
56849588,a/g,0.00,0.00,1.00,-0.02,0.11,0.03

56903219,a/g,-0.00,0.00,1.00,0.02,0.02,0.01
56956685,a/g,0.00,-0.00,1.00,-0.01,-0.08,0.03

57010475,a/g,0.00,-0.00,1.00,0.08,0.04,-0.01
57064005,a/g,0.00,-0.00,1.00,-0.02,0.01,-0.08

57117799,a/g,-0.00,-0.00,1.00,-0.02,-0.08,0.01
57171485,a/g,-0.00,-0.00,1.00,0.02,0.02,-0.04

57225252,a/g,-0.00,0.00,1.00,-0.02,0.03,-0.08
57278849,a/g,0.00,0.00,1.00,-0.04,-0.02,-0.01

57332643,a/g,-0.00,0.00,1.00,-0.04,0.09,-0.06
57386242,a/g,0.00,0.00,1.00,0.03,0.01,-0.03

57439903,a/g,-0.00,-0.00,1.00,-0.08,0.05,-0.05
57493570,a/g,0.00,0.00,1.00,-0.02,-0.08,-0.06

57547335,a/g,-0.00,0.00,1.00,0.02,0.06,-0.02
57600884,a/g,-0.00,0.00,1.00,0.00,-0.11,-0.02

57654675,a/g,-0.00,0.00,1.00,-0.01,-0.08,-0.02
57708341,a/g,0.00,-0.00,1.00,-0.07,0.08,-0.16

57762142,a/g,-0.00,0.00,1.00,-0.03,0.20,-0.09
57815742,a/g,-0.00,-0.00,1.00,0.02,-0.21,0.06

57869508,a/g,0.00,-0.00,1.00,0.02,-0.05,-0.05
57923112,a/g,-0.00,0.00,1.00,0.20,0.20,0.02

57976768,a/g,-0.00,-0.00,1.00,0.05,-0.02,0.05
58030366,a/g,0.00,-0.00,1.00,0.02,-0.10,0.01

58084093,a/g,-0.00,0.00,1.00,0.05,0.27,0.05
58137567,a/g,-0.00,-0.00,1.00,-0.01,-0.01,-0.03

58191464,a/g,-0.00,-0.00,1.00,-0.04,0.05,-0.01
58245129,a/g,0.00,-0.00,1.00,-0.05,0.00,-0.05

58298919,a/g,-0.00,-0.00,1.00,-0.04,0.14,-0.02
58352580,a/g,-0.00,0.00,1.00,-0.02,-0.08,-0.11

58406443,a/g,-0.00,-0.00,1.00,0.03,0.08,0.02
58459975,a/g,-0.00,0.00,1.00,-0.06,-0.02,0.01

58513738,a/g,-0.00,0.00,1.00,0.08,0.13,-0.05
58567268,a/g,-0.00,0.00,1.00,0.00,-0.08,0.01

58620992,a/g,0.00,-0.00,1.00,-0.01,-0.04,0.02
58674591,a/g,-0.00,0.00,1.00,0.00,-0.08,0.01

58728317,a/g,-0.00,-0.00,1.00,-0.04,0.05,-0.05
58781987,a/g,-0.00,-0.00,1.00,0.09,0.00,0.01

58835683,a/g,0.00,0.00,1.00,0.07,0.07,-0.01
58889145,a/g,-0.00,0.00,1.00,0.04,0.02,0.04

58942802,a/g,0.00,-0.00,1.00,0.03,-0.11,-0.01
58996400,a/g,-0.00,0.00,1.00,-0.01,0.07,0.08

59050131,a/g,0.00,-0.00,1.00,-0.11,-0.11,-0.02
59103799,a/g,-0.00,-0.00,1.00,0.00,0.02,-0.02

59157565,a/g,0.00,-0.00,1.00,0.01,-0.01,-0.10
59211163,a/g,-0.00,-0.00,1.00,-0.08,0.03,-0.02

59265022,a/g,0.00,-0.00,1.00,0.01,-0.07,0.03
59318555,a/g,-0.00,0.00,1.00,0.00,0.16,0.02

59372214,a/g,-0.00,0.00,1.00,-0.02,-0.15,0.03
59425817,a/g,0.00,-0.00,1.00,0.00,0.06,-0.04

59479513,a/g,-0.00,-0.00,1.00,-0.06,0.09,-0.08
59533192,a/g,0.00,0.00,1.01,-0.05,-0.06,0.07

59586915,a/g,-0.00,0.00,1.00,-0.03,-0.05,-0.05
59640591,a/g,0.00,-0.00,1.00,0.01,0.11,-0.02

59694317,a/g,-0.00,-0.00,1.00,0.01,0.19,0.07
59747847,a/g,0.00,-0.00,1.00,0.10,-0.15,-0.01

59801616,a/g,0.00,0.00,1.00,0.0