IMU data format: microseconds,a/g (tag),ax,ay,az,gx,gy,gz
14774606,a/g,0.00,-0.00,1.01,-0.06,-0.08,0.02

14828450,a/g,-0.00,-0.00,1.00,-0.02,-0.02,0.02
14882120,a/g,0.00,0.00,1.00,-0.11,-0.09,0.01

14935856,a/g,0.00,-0.00,1.00,-0.02,0.06,-0.09
14989459,a/g,-0.00,-0.00,1.00,0.01,0.02,-0.01

15043228,a/g,-0.00,0.00,1.00,0.01,0.02,-0.02
15096772,a/g,-0.00,0.00,1.00,-0.03,0.03,-0.06

15150563,a/g,-0.00,0.00,1.00,0.13,0.01,-0.08
15204096,a/g,0.00,-0.00,1.00,-0.01,0.05,0.05

15257820,a/g,-0.00,0.00,1.00,-0.06,0.05,0.04
15311354,a/g,-0.00,-0.00,1.00,0.01,0.05,-0.11

15365123,a/g,0.00,-0.00,1.00,-0.08,0.03,-0.08
15418722,a/g,-0.00,-0.00,1.00,0.00,0.08,0.12

15472446,a/g,-0.00,-0.00,1.00,-0.03,0.03,0.05
15526042,a/g,-0.00,-0.00,1.00,-0.01,0.01,-0.05

15579901,a/g,0.00,-0.00,1.00,0.02,-0.01,0.02
15633435,a/g,-0.00,-0.00,1.00,0.11,-0.01,-0.07

15687271,a/g,-0.00,-0.00,1.00,0.02,-0.01,-0.08
15740936,a/g,0.00,0.00,1.00,-0.05,-0.04,0.02

15794663,a/g,0.00,-0.00,1.00,-0.05,0.12,0.02
15848196,a/g,0.00,-0.00,1.00,-0.05,0.05,-0.06

15901987,a/g,-0.00,-0.00,1.00,0.02,0.11,-0.15
15955586,a/g,0.00,0.00,1.00,-0.01,0.02,0.00

16009217,a/g,0.00,-0.00,1.00,-0.02,0.00,0.05
16062752,a/g,0.00,-0.00,1.00,0.00,0.00,-0.02

16116474,a/g,0.00,-0.00,1.00,-0.02,-0.07,-0.07
16170144,a/g,-0.00,-0.00,1.00,-0.04,0.08,0.04

16223935,a/g,-0.00,-0.00,1.00,-0.06,-0.01,-0.07
16277669,a/g,0.00,-0.00,1.00,-0.06,-0.02,-0.02

16331502,a/g,-0.00,0.00,1.00,-0.01,-0.03,0.03
16385099,a/g,0.00,0.00,1.00,-0.05,0.00,-0.09

16438822,a/g,0.00,0.00,1.00,-0.03,0.01,0.07
16492287,a/g,0.00,-0.00,1.00,-0.06,-0.02,-0.03

16546147,a/g,-0.00,0.00,1.00,0.03,-0.02,0.01
16599677,a/g,-0.00,-0.00,1.00,0.07,0.09,-0.02

16653444,a/g,0.00,-0.00,1.00,-0.08,0.11,0.02
16706974,a/g,-0.00,-0.00,1.00,0.02,-0.04,-0.02

16760831,a/g,0.00,-0.00,1.00,-0.02,0.03,-0.01
16814431,a/g,-0.00,-0.00,1.00,0.05,0.03,-0.06

16868223,a/g,-0.00,-0.00,1.00,0.01,0.02,0.05
16921753,a/g,0.00,-0.00,1.00,0.00,0.07,-0.08

16975452,a/g,-0.00,0.00,1.00,-0.05,0.02,0.00
17028983,a/g,0.00,0.00,1.00,0.01,0.02,0.02

17082573,a/g,-0.00,-0.00,1.00,0.05,-0.02,0.04
17136176,a/g,-0.00,0.00,1.00,-0.08,-0.02,0.03

17189970,a/g,-0.00,-0.00,1.01,-0.02,0.03,-0.06
17243635,a/g,0.00,-0.00,1.00,0.02,-0.05,-0.04

17297398,a/g,0.00,-0.00,1.00,0.09,0.02,-0.02
17350929,a/g,-0.00,-0.00,1.00,0.00,0.02,0.03

17404651,a/g,0.00,-0.00,1.00,0.02,-0.02,0.01
17458185,a/g,-0.00,-0.00,1.00,0.02,-0.02,-0.01

17512047,a/g,0.00,-0.00,1.00,-0.05,-0.02,0.00
17565646,a/g,0.00,-0.00,1.00,0.08,-0.02,-0.02

17619413,a/g,0.00,-0.00,1.00,-0.03,0.04,-0.02
17673012,a/g,-0.00,-0.00,1.00,-0.01,-0.03,-0.04

17726938,a/g,-0.00,0.00,1.00,-0.08,0.00,-0.03
17780536,a/g,0.00,-0.00,1.00,-0.01,0.02,-0.05

17834329,a/g,-0.00,-0.00,1.00,0.02,-0.05,-0.06
17887999,a/g,-0.00,-0.00,1.00,0.00,0.00,0.01

17941698,a/g,0.00,-0.00,1.00,-0.06,0.02,-0.05
17995292,a/g,-0.00,0.00,1.00,0.00,0.04,-0.02

18049016,a/g,-0.00,0.00,1.00,-0.02,0.09,0.02
18102550,a/g,-0.00,0.00,1.00,-0.03,0.05,-0.05

18156343,a/g,0.00,-0.00,1.00,-0.08,-0.02,0.05
18209941,a/g,-0.00,0.00,1.00,-0.08,0.08,0.05

18263637,a/g,-0.00,0.00,1.00,0.01,0.02,-0.11
18317169,a/g,0.00,-0.00,1.00,-0.07,-0.03,-0.06

18371025,a/g,-0.00,0.00,1.00,-0.05,0.02,-0.02
18424621,a/g,0.00,-0.00,1.00,0.05,-0.03,0.01

18478346,a/g,-0.00,-0.00,1.00,-0.04,0.04,-0.06
18532011,a/g,-0.00,0.00,1.00,0.04,-0.02,-0.05

18585779,a/g,-0.00,0.00,1.00,-0.04,0.13,0.03
18639314,a/g,-0.00,0.00,1.00,0.04,-0.03,0.09

18693035,a/g,-0.00,-0.00,1.00,0.01,0.03,-0.01
18746637,a/g,-0.00,0.00,1.00,-0.05,0.00,-0.03

18800428,a/g,0.00,-0.00,1.00,0.01,0.03,-0.05
18853960,a/g,-0.00,0.00,1.00,-0.04,0.02,-0.03

18907724,a/g,-0.00,-0.00,1.00,0.02,0.08,-0.05
18961324,a/g,-0.00,-0.00,1.00,-0.07,0.03,-0.02

19015188,a/g,0.00,-0.00,1.00,-0.12,-0.04,-0.05
19068855,a/g,-0.00,0.00,1.00,0.01,0.04,-0.02

19122581,a/g,-0.00,-0.00,1.00,0.00,0.00,0.01
19176107,a/g,0.00,-0.00,1.00,0.02,0.08,0.08

19229740,a/g,0.00,0.00,1.00,0.01,0.04,-0.13
19283204,a/g,-0.00,-0.00,1.00,-0.02,-0.01,-0.04

19337132,a/g,0.00,-0.00,1.00,-0.01,0.03,-0.01
19390728,a/g,-0.00,0.00,1.00,-0.02,-0.02,-0.01

19444587,a/g,0.00,-0.00,1.00,-0.12,0.02,-0.09
19498179,a/g,-0.00,0.00,1.00,0.03,0.03,0.01

19551809,a/g,-0.00,0.00,1.00,0.04,0.05,-0.06
19605348,a/g,0.00,0.00,1.00,0.03,0.03,-0.02

19659003,a/g,-0.00,-0.00,1.00,-0.01,0.08,-0.02
19712668,a/g,0.00,-0.00,1.00,0.02,-0.04,-0.07

19766462,a/g,0.00,0.00,1.00,0.00,-0.02,-0.05
19819991,a/g,-0.00,-0.00,1.00,-0.11,0.07,-0.02

19873823,a/g,0.00,0.00,1.00,0.08,-0.07,-0.10
19927357,a/g,-0.00,-0.00,1.00,-0.03,0.07,-0.07

19981214,a/g,-0.00,0.00,1.00,0.06,-0.08,0.05
20034746,a/g,-0.00,-0.00,1.00,-0.05,0.08,-0.08

20088609,a/g,-0.00,0.00,1.00,-0.08,-0.07,-0.10
20142273,a/g,-0.00,-0.00,1.00,0.03,0.15,-0.08

20196042,a/g,-0.00,0.00,1.00,-0.05,0.02,-0.05
20249655,a/g,0.00,0.00,1.00,0.00,0.04,-0.02

20303310,a/g,-0.00,-0.00,1.00,0.03,0.08,-0.02
20356907,a/g,-0.00,-0.00,1.00,-0.06,0.08,0.04

20410699,a/g,-0.00,-0.00,1.00,-0.08,0.08,-0.11
20464364,a/g,0.03,-0.03,0.99,-0.20,0.63,-0.08

20518134,a/g,-0.03,-0.02,0.99,-0.47,0.06,-0.30
20571800,a/g,0.08,-0.00,0.99,0.23,-0.87,0.27

20625524,a/g,-0.00,0.03,1.01,0.29,0.68,0.06
20678988,a/g,0.01,-0.02,1.00,-0.23,-1.67,0.05

20732782,a/g,0.02,0.00,1.00,0.04,-0.37,0.02
20786245,a/g,-0.00,0.00,1.00,0.08,1.33,0.07

20839875,a/g,-0.03,0.00,1.00,-0.09,-0.84,-0.11
20893542,a/g,0.03,-0.00,1.00,-0.14,-1.27,0.04

20947333,a/g,-0.01,-0.00,1.00,0.11,1.83,-0.01
21000936,a/g,-0.01,-0.00,1.01,-0.12,-0.94,0.04

21054798,a/g,0.01,-0.00,1.00,-0.06,-0.14,-0.05
21108464,a/g,0.00,0.00,1.00,-0.03,0.11,0.01

21162097,a/g,-0.01,0.00,1.00,0.12,0.50,-0.12
21215633,a/g,-0.00,0.00,1.00,-0.02,-0.61,0.08

21269422,a/g,0.01,-0.00,1.00,0.02,0.31,-0.04
21322957,a/g,-0.01,0.00,1.01,-0.09,-0.24,0.08

21376750,a/g,0.01,-0.00,1.00,-0.01,0.01,-0.03
21430350,a/g,-0.01,0.01,1.00,0.06,0.08,-0.01

21484052,a/g,0.01,-0.01,1.00,0.07,-0.02,0.02
21537586,a/g,-0.01,0.00,1.00,0.02,0.25,-0.02

21591308,a/g,0.00,0.00,1.00,0.00,-0.29,0.01
21644772,a/g,-0.00,0.00,1.01,0.02,0.21,-0.05

21698496,a/g,-0.00,-0.00,1.00,0.01,-0.01,0.08
21752093,a/g,-0.01,0.00,1.00,0.05,-0.02,-0.05

21805859,a/g,0.01,0.00,1.00,-0.11,-0.32,0.03
21859392,a/g,-0.00,-0.00,1.00,0.01,0.52,0.05

21913122,a/g,-0.01,-0.00,1.00,0.02,-0.33,-0.05
21966788,a/g,0.00,0.00,1.00,-0.02,-0.03,-0.03

22020581,a/g,0.00,-0.00,1.00,-0.02,0.09,0.00
22074113,a/g,-0.01,-0.00,1.00,0.02,0.24,-0.08

22127885,a/g,0.00,0.00,1.00,0.01,-0.37,0.05
22181352,a/g,0.01,-0.00,1.00,-0.12,-0.39,-0.05

22235209,a/g,0.00,0.01,1.01,0.15,0.27,0.06
22288617,a/g,-0.00,0.00,0.99,-0.04,0.15,-0.02

22342409,a/g,-0.02,0.00,1.00,-0.02,-0.18,-0.04
22396074,a/g,0.03,0.00,0.99,-0.05,-0.81,-0.08

22449841,a/g,-0.00,-0.00,1.00,0.03,1.61,0.05
22503376,a/g,-0.04,-0.00,1.00,0.10,0.18,-0.05

22557168,a/g,0.03,0.01,0.99,-0.04,-1.66,-0.06
22610766,a/g,0.02,-0.00,1.02,-0.20,1.40,0.12

22664494,a/g,-0.03,-0.02,1.01,-0.09,0.89,-0.14
22718163,a/g,0.02,0.01,1.00,0.11,-2.06,0.08

22771796,a/g,0.03,0.00,0.99,0.09,1.29,-0.07
22825263,a/g,-0.04,-0.00,1.00,-0.13,0.22,-0.06

22879124,a/g,0.01,-0.01,1.00,0.02,-1.59,-0.06
22932725,a/g,0.01,0.01,1.01,0.02,0.77,-0.04

22986383,a/g,-0.02,-0.00,1.00,0.01,0.43,-0.03
23039986,a/g,0.00,-0.00,1.00,-0.07,-1.30,-0.05

23093820,a/g,0.02,-0.01,1.00,0.05,0.41,-0.02
23147355,a/g,-0.02,0.00,1.00,0.02,0.53,0.10

23201010,a/g,-0.00,0.00,1.01,-0.08,-0.99,0.02
23254614,a/g,0.01,-0.00,1.00,-0.06,0.22,-0.08

23308406,a/g,-0.01,-0.01,1.00,-0.05,0.14,-0.11
23362072,a/g,-0.00,0.00,1.00,-0.08,-0.01,-0.04

23415906,a/g,-0.00,0.00,1.00,-0.01,-0.11,0.01
23469505,a/g,0.00,-0.00,1.00,-0.05,0.14,-0.04

23523295,a/g,-0.01,0.01,1.00,0.08,-0.29,0.09
23576825,a/g,0.01,-0.00,1.00,0.02,0.17,0.05

23630485,a/g,-0.01,0.01,1.00,0.08,0.07,0.08
23683951,a/g,0.01,0.01,1.00,0.11,-0.05,0.02

23737584,a/g,-0.01,-0.00,1.00,-0.04,0.03,-0.05
23791251,a/g,0.01,-0.00,1.00,0.01,-0.07,-0.08

23845041,a/g,-0.00,0.00,1.01,0.07,0.34,-0.03
23898576,a/g,-0.00,-0.00,1.00,0.03,-0.35,-0.09

23952436,a/g,0.00,-0.00,1.00,0.00,0.08,0.02
24005906,a/g,-0.00,0.00,1.00,0.08,0.00,0.00

24059537,a/g,-0.00,-0.00,1.00,-0.08,0.22,-0.02
24113202,a/g,0.00,0.00,1.00,0.06,-0.44,-0.03

24166933,a/g,0.00,-0.00,1.01,0.05,0.50,-0.02
24220462,a/g,-0.00,0.00,1.00,-0.21,-0.50,0.06

24274255,a/g,0.01,0.00,1.00,0.05,0.21,-0.02
24327717,a/g,-0.01,0.00,1.00,0.02,0.29,0.02

24381348,a/g,0.01,-0.01,1.00,-0.12,-0.42,-0.03
24435017,a/g,-0.01,-0.00,1.01,0.05,0.25,-0.05

24488807,a/g,0.00,-0.00,1.00,0.05,0.16,-0.05
24542340,a/g,-0.01,0.00,1.00,-0.02,-0.68,-0.08

24596201,a/g,0.03,-0.01,1.00,-0.03,-0.47,0.09
24649801,a/g,-0.01,0.04,0.90,0.05,2.05,-0.02

24703502,a/g,-0.00,0.04,0.90,0.05,-0.74,0.09
24757037,a/g,0.03,0.02,0.99,0.46,-0.68,-0.08

24810761,a/g,0.01,0.01,0.99,0.09,1.34,-0.05
24864226,a/g,-0.02,0.01,0.99,-0.18,-0.37,0.03

24918019,a/g,0.02,0.02,0.95,-0.14,-0.89,0.11
24971561,a/g,0.01,-0.00,0.95,0.02,1.43,0.15

25025196,a/g,-0.05,0.01,1.10,0.29,-0.19,0.19
25078724,a/g,0.02,0.01,0.99,-0.11,-1.25,-0.60

25132515,a/g,0.01,-0.01,0.96,0.17,-0.15,0.17
25186048,a/g,0.03,0.01,1.02,0.12,0.24,0.02

25239642,a/g,-0.03,-0.03,1.09,0.03,3.16,0.37
25293173,a/g,-0.11,0.00,1.05,0.22,0.77,-0.69

25346875,a/g,0.06,0.00,0.98,-0.24,-7.23,0.25
25400407,a/g,0.12,0.01,0.99,0.18,2.66,-0.02

25454068,a/g,-0.11,0.01,0.98,0.33,7.71,0.10
25507529,a/g,-0.11,-0.00,0.99,-0.24,-5.57,-0.17

25561455,a/g,0.10,-0.00,1.00,-0.16,-8.05,-0.53
25615118,a/g,0.05,0.01,1.01,0.25,6.87,0.11

25668683,a/g,-0.11,-0.00,1.01,0.05,3.66,-0.08
25722280,a/g,-0.03,-0.00,0.99,-0.23,-4.74,-0.13

25776204,a/g,0.06,-0.00,0.98,0.04,-0.43,-0.14
25829802,a/g,0.01,-0.00,1.00,0.05,1.79,0.02

25883464,a/g,-0.01,0.00,0.99,0.02,0.53,0.04
25936926,a/g,-0.01,-0.00,0.99,-0.03,0.13,0.06
