
37260701,a/g,0.00,-0.00,1.00,-0.05,-0.12,-0.08
37314366,a/g,0.00,0.00,1.00,0.12,0.16,0.06

37367958,a/g,-0.00,0.00,1.00,-0.05,0.09,-0.05
37421554,a/g,-0.00,0.00,1.00,-0.03,0.02,-0.08

37475347,a/g,0.00,0.00,1.00,-0.06,-0.08,0.03
37528882,a/g,0.00,-0.00,1.00,0.01,0.11,0.02

37582516,a/g,-0.00,0.00,1.00,0.08,0.02,-0.01
37636050,a/g,-0.00,-0.00,1.00,-0.05,0.04,-0.02

37689910,a/g,0.00,0.00,1.00,-0.03,-0.05,-0.05
37743508,a/g,-0.00,-0.00,1.00,-0.02,0.16,-0.03

37797367,a/g,-0.00,-0.00,1.00,-0.02,-0.10,-0.14
37851102,a/g,0.00,-0.00,1.00,-0.03,0.05,-0.07

37904868,a/g,-0.00,0.00,1.00,-0.02,0.20,-0.01
37958476,a/g,-0.00,0.00,1.00,0.06,-0.06,-0.05

38012267,a/g,0.00,-0.00,1.00,-0.08,0.02,0.07
38065796,a/g,-0.00,0.00,1.00,0.05,0.02,-0.02

38119524,a/g,-0.00,-0.00,1.00,0.05,0.09,-0.02
38173122,a/g,-0.00,0.00,1.00,-0.02,-0.02,0.04

38226888,a/g,0.01,-0.00,1.00,-0.05,-0.05,-0.02
38280553,a/g,0.00,-0.00,1.00,-0.05,0.32,-0.01

38334343,a/g,-0.01,0.00,1.00,-0.05,0.05,0.02
38387876,a/g,0.00,-0.00,1.00,-0.02,-0.37,0.02

38441671,a/g,0.01,-0.00,1.00,0.02,0.29,-0.14
38495199,a/g,-0.00,0.00,1.00,-0.02,0.17,-0.04

38548967,a/g,-0.00,0.00,1.00,-0.01,-0.03,0.00
38602561,a/g,0.00,0.00,1.00,0.00,-0.07,0.05

38656214,a/g,-0.00,-0.00,1.00,-0.01,0.06,0.08
38709813,a/g,-0.00,0.00,1.00,0.05,0.08,-0.02

38763540,a/g,-0.00,0.00,1.00,0.02,-0.11,0.05
38817070,a/g,0.00,-0.00,1.00,-0.01,0.01,-0.01

38870836,a/g,-0.00,-0.00,1.00,0.03,0.24,0.04
38924370,a/g,-0.00,-0.00,1.00,-0.02,0.00,-0.07

38978230,a/g,-0.00,0.00,1.00,0.02,-0.12,-0.07
39031830,a/g,-0.00,-0.00,1.00,0.00,0.03,-0.01

39085625,a/g,-0.00,-0.00,1.00,-0.05,0.21,0.05
39139221,a/g,-0.00,-0.00,1.00,-0.13,0.02,0.05

39192988,a/g,0.00,0.00,1.00,-0.06,-0.10,-0.04
39246587,a/g,-0.00,0.00,1.00,0.08,0.17,-0.02

39300309,a/g,-0.00,-0.00,1.00,0.07,0.05,0.02
39353840,a/g,0.00,-0.00,1.00,-0.05,0.02,-0.06

39407635,a/g,-0.01,0.00,1.00,0.05,0.10,-0.05
39461167,a/g,0.00,-0.00,1.00,0.03,-0.19,-0.08

39514935,a/g,-0.00,-0.00,1.00,0.05,0.19,-0.02
39568534,a/g,-0.00,-0.00,1.00,-0.02,-0.05,-0.02

39622460,a/g,-0.00,0.00,1.00,-0.05,0.02,-0.03
39676058,a/g,0.00,0.00,1.00,-0.04,-0.08,-0.14

39729849,a/g,-0.00,-0.00,1.00,0.03,0.32,0.00
39783381,a/g,-0.00,0.00,1.00,-0.05,-0.06,0.05

39837149,a/g,-0.00,0.00,1.00,-0.08,0.00,0.01
39890677,a/g,0.00,0.00,1.00,0.01,-0.19,0.00

39944332,a/g,-0.00,-0.00,1.00,-0.04,0.31,-0.02
39997997,a/g,-0.00,0.00,1.00,0.00,-0.19,-0.09

40051788,a/g,0.00,0.00,1.00,0.05,0.04,0.03
40105187,a/g,-0.00,0.00,1.00,-0.05,0.00,0.05

40158888,a/g,0.00,-0.00,1.00,-0.02,0.05,-0.08
40212485,a/g,-0.00,0.00,1.00,-0.03,-0.04,0.06

40266276,a/g,0.00,0.00,1.00,0.02,0.06,-0.03
40319740,a/g,-0.00,0.00,1.00,-0.08,0.05,-0.08

40373536,a/g,-0.00,-0.00,1.00,-0.06,0.07,-0.04
40427205,a/g,-0.00,-0.00,1.00,-0.05,-0.08,-0.02

40481109,a/g,0.00,-0.00,1.00,-0.01,0.05,0.02
40534639,a/g,-0.00,0.00,1.00,-0.01,0.10,-0.03

40588431,a/g,0.00,-0.00,1.00,-0.01,-0.17,0.02
40642029,a/g,-0.01,0.00,1.00,-0.08,0.16,-0.05

40695824,a/g,0.00,0.00,1.00,0.00,-0.15,-0.02
40749357,a/g,0.00,-0.00,1.00,0.01,0.28,-0.08

40803058,a/g,-0.01,0.00,1.00,0.03,0.04,-0.01
40856595,a/g,0.00,0.00,1.00,0.00,-0.08,-0.03

40910316,a/g,0.00,-0.00,1.00,-0.02,-0.05,0.02
40963914,a/g,-0.00,-0.00,1.00,0.02,0.25,-0.03

41017707,a/g,-0.00,-0.00,1.00,-0.09,-0.13,-0.03
41071440,a/g,0.00,0.00,1.00,-0.04,-0.01,0.01

41125141,a/g,-0.00,0.00,1.00,-0.02,0.09,0.00
41178669,a/g,0.00,0.00,1.00,0.07,-0.04,0.02

41232327,a/g,-0.00,-0.00,1.00,-0.10,-0.02,0.04
41285993,a/g,-0.00,0.00,1.00,-0.09,-0.02,-0.02

41339853,a/g,0.00,0.00,1.00,-0.03,-0.04,0.00
41393382,a/g,-0.00,-0.00,1.00,0.01,0.11,-0.05

41447152,a/g,-0.00,-0.00,1.00,0.02,-0.05,-0.04
41500822,a/g,0.00,0.00,1.00,-0.02,-0.05,0.00

41554544,a/g,-0.00,-0.00,1.00,-0.03,0.03,-0.09
41608211,a/g,-0.00,-0.00,1.00,-0.05,-0.02,0.04

41662071,a/g,-0.00,0.00,1.00,0.06,0.01,0.00
41715536,a/g,0.00,-0.00,1.00,0.05,-0.07,-0.03

41769302,a/g,-0.00,-0.00,1.00,0.07,0.22,-0.04
41822901,a/g,-0.01,0.00,1.00,-0.07,0.25,-0.12

41876692,a/g,0.00,0.00,1.00,0.05,-0.69,-0.08
41930223,a/g,0.01,-0.00,1.00,0.01,0.62,-0.04

41983950,a/g,-0.02,0.00,1.00,0.05,0.47,0.09
42037414,a/g,-0.01,0.00,1.00,0.02,-0.58,0.09

42091115,a/g,0.01,-0.00,1.00,-0.01,-0.27,0.04
42144716,a/g,0.00,-0.00,1.00,-0.06,0.73,0.02

42198440,a/g,-0.02,0.00,1.00,-0.05,0.02,-0.08
42252037,a/g,0.01,-0.00,1.00,-0.10,-0.37,-0.03

42305896,a/g,0.01,-0.00,1.00,-0.05,0.12,0.08
42359428,a/g,-0.00,-0.00,1.00,0.08,0.25,0.00

42413127,a/g,-0.01,-0.00,1.00,0.00,0.11,-0.06
42466730,a/g,0.00,0.00,1.00,0.09,-0.41,0.02

42520387,a/g,0.01,-0.00,1.00,0.04,0.18,-0.04
42573921,a/g,-0.01,-0.00,1.00,0.05,0.38,-0.01

42627715,a/g,-0.01,-0.00,1.00,0.03,-0.15,-0.03
42681380,a/g,0.01,0.00,1.00,-0.13,-0.36,-0.08

42735147,a/g,0.00,0.00,1.00,-0.02,0.51,-0.03
42788675,a/g,-0.01,-0.00,1.00,0.03,0.23,0.01

42842399,a/g,0.01,-0.00,1.00,0.05,-0.53,0.00
42895932,a/g,0.01,0.00,1.00,0.05,0.30,-0.02

42949590,a/g,-0.01,0.00,1.00,-0.05,0.24,-0.04
43003196,a/g,-0.00,-0.00,1.00,0.06,-0.24,-0.01

43057033,a/g,0.01,-0.00,1.00,-0.01,-0.12,0.07
43110634,a/g,0.00,0.00,1.00,-0.02,0.27,0.13

43164291,a/g,-0.00,0.00,1.00,0.04,-0.03,-0.12
43217893,a/g,0.00,-0.00,1.00,0.02,-0.05,-0.07

43271686,a/g,0.00,-0.00,1.00,0.02,-0.19,-0.09
43325282,a/g,0.00,0.00,1.00,-0.05,0.36,-0.12

43378983,a/g,-0.01,0.00,1.00,0.00,0.11,0.02
43432445,a/g,0.00,-0.00,1.00,0.03,-0.14,-0.08

43486234,a/g,0.00,-0.00,1.00,0.00,0.09,-0.02
43539764,a/g,-0.00,-0.00,1.00,0.02,0.22,0.08

43593489,a/g,-0.01,0.00,1.00,-0.06,-0.06,0.01
43647098,a/g,0.00,-0.00,1.00,-0.02,-0.18,-0.02

43700933,a/g,0.00,0.00,1.00,-0.05,0.18,-0.02
43754462,a/g,-0.00,0.00,1.00,0.00,0.04,-0.04

43808187,a/g,-0.00,-0.00,1.00,-0.01,-0.21,0.06
43861858,a/g,0.01,-0.01,1.00,-0.11,0.01,0.05

43915588,a/g,-0.01,0.00,1.00,0.08,0.23,0.05
43969052,a/g,-0.01,-0.00,1.01,-0.03,-0.26,-0.11

44022958,a/g,0.01,-0.00,1.00,-0.02,-0.40,-0.08
44076623,a/g,-0.00,-0.00,1.00,0.05,0.65,-0.03

44130416,a/g,-0.01,0.00,1.00,0.01,-0.18,0.00
44183946,a/g,0.00,-0.00,1.00,0.07,-0.25,-0.06

44237741,a/g,-0.00,-0.00,1.00,-0.05,0.21,-0.07
44291404,a/g,-0.00,-0.00,1.00,0.03,0.02,0.01

44345106,a/g,0.00,0.00,1.00,0.02,-0.09,0.03
44398568,a/g,0.00,-0.00,1.01,0.01,0.25,-0.05

44452292,a/g,-0.00,-0.00,1.00,-0.08,-0.34,-0.02
44506022,a/g,0.00,-0.00,1.00,0.10,0.21,0.05

44559679,a/g,-0.01,-0.00,1.00,-0.03,-0.11,-0.08
44613416,a/g,0.00,-0.00,1.00,-0.11,0.02,-0.04

44667186,a/g,-0.01,-0.01,1.00,-0.02,0.31,-0.01
44720855,a/g,0.00,0.00,1.00,0.00,-0.42,0.05

44774511,a/g,0.00,0.00,1.00,0.02,0.18,-0.02
44827977,a/g,-0.01,0.00,1.00,-0.12,0.24,0.08

44881703,a/g,-0.01,-0.00,1.00,-0.08,-0.28,0.05
44935371,a/g,0.01,-0.00,1.00,0.01,-0.14,0.02

44989070,a/g,-0.00,0.00,1.00,0.04,0.57,0.03
45042532,a/g,-0.01,-0.00,1.00,-0.11,-0.27,-0.08

45096457,a/g,0.01,-0.00,1.00,-0.02,-0.17,-0.03
45150122,a/g,0.00,-0.00,1.00,-0.08,-0.05,0.01

45203915,a/g,0.00,-0.00,1.00,0.02,0.32,-0.05
45257448,a/g,-0.01,0.00,1.00,0.07,-0.27,-0.05

45311218,a/g,0.00,-0.00,1.00,0.02,-0.03,-0.08
45364816,a/g,0.00,0.01,1.00,0.05,0.08,0.05

45418404,a/g,-0.00,0.00,1.00,0.05,0.15,-0.02
45471937,a/g,-0.00,0.00,1.00,-0.03,-0.06,0.03

45525733,a/g,0.00,-0.00,0.99,0.11,-0.07,0.01
45579265,a/g,-0.00,0.01,1.00,0.05,0.08,0.01

45632898,a/g,-0.00,-0.00,1.00,-0.06,0.14,0.02
45686500,a/g,-0.00,0.00,1.01,0.06,-0.23,0.05

45740225,a/g,0.00,0.01,1.00,-0.02,0.25,-0.02
45793757,a/g,-0.01,0.00,1.01,0.02,0.18,-0.05

45847483,a/g,-0.00,-0.00,1.00,0.01,-0.18,-0.04
45901149,a/g,0.00,-0.00,1.00,0.04,0.07,0.02

45954781,a/g,-0.00,-0.00,1.00,-0.05,0.14,0.00
46008386,a/g,-0.00,0.00,1.01,-0.08,-0.07,-0.03

46062246,a/g,-0.00,-0.00,1.00,0.04,0.01,0.05
46115774,a/g,0.00,-0.00,1.00,0.00,0.00,-0.03

46169499,a/g,-0.00,-0.00,1.00,-0.02,0.02,0.00
46223094,a/g,0.00,-0.00,1.00,-0.05,0.00,-0.01

46276863,a/g,-0.00,-0.00,1.00,0.05,-0.02,0.02
46330463,a/g,-0.00,0.00,0.99,0.21,0.07,0.02

46384123,a/g,0.00,0.04,1.00,0.30,-0.36,0.40
46437584,a/g,0.00,0.00,0.99,-0.07,0.60,-0.40

46491309,a/g,-0.01,-0.01,0.99,0.12,0.07,0.12
46544842,a/g,0.00,0.01,1.01,0.05,-0.07,0.01

46598476,a/g,0.00,0.00,0.99,-0.13,0.01,-0.14
46652011,a/g,0.00,-0.01,0.99,0.03,0.04,-0.02

46705736,a/g,-0.00,-0.00,1.00,0.00,-0.07,0.01
46759338,a/g,-0.00,0.00,1.00,-0.06,0.08,-0.04

46813133,a/g,-0.00,-0.00,1.00,-0.05,0.03,-0.08
46866812,a/g,-0.00,-0.00,1.01,-0.02,0.13,-0.03

46920654,a/g,-0.00,-0.00,1.00,-0.03,0.02,-0.04
46974319,a/g,0.00,0.00,1.00,-0.01,-0.08,0.02

47028044,a/g,-0.00,0.00,1.00,-0.01,0.21,0.08
47081578,a/g,0.00,-0.00,1.01,0.02,0.24,0.06

47135234,a/g,-0.01,-0.00,1.01,-0.04,-0.10,0.00
47188899,a/g,0.01,0.00,1.00,-0.09,-0.40,-0.03

47242665,a/g,0.00,0.00,1.00,-0.02,0.51,-0.06
47296195,a/g,-0.01,-0.00,1.00,-0.05,0.19,0.00

47349989,a/g,0.00,-0.00,1.00,-0.02,-0.43,0.00
47403583,a/g,0.01,-0.00,1.00,0.05,0.07,-0.03

47457307,a/g,-0.01,-0.00,1.00,0.05,0.35,0.02
47510837,a/g,-0.01,0.00,1.00,-0.02,-0.10,-0.07

47564669,a/g,0.00,0.00,1.00,-0.02,-0.30,0.05
47618200,a/g,0.01,-0.00,1.00,0.07,0.21,-0.05

47671924,a/g,-0.01,0.00,1.00,0.06,0.41,-0.08
47725467,a/g,-0.00,0.00,1.00,-0.06,-0.49,-0.08

47779329,a/g,0.01,0.00,1.00,0.05,0.14,-0.02
47832795,a/g,-0.01,0.00,1.00,0.07,0.33,0.00

47886426,a/g,-0.00,-0.00,1.00,-0.08,-0.18,0.03
47940100,a/g,0.00,-0.00,1.00,0.05,-0.19,-0.04

47993889,a/g,0.00,0.00,1.00,0.02,0.31,0.03
48047286,a/g,-0.01,-0.00,1.01,0.02,0.08,-0.10

48101079,a/g,0.00,-0.00,1.00,-0.05,-0.14,0.02
48154678,a/g,0.00,0.00,1.00,0.08,0.05,-0.09

48208310,a/g,0.00,-0.00,1.00,0.05,0.21,-0.08
48261844,a/g,-0.00,-0.00,1.00,0.00,-0.06,0.02

48315636,a/g,0.00,-0.00,1.00,0.02,-0.20,-0.02
48369237,a/g,0.00,-0.00,1.00,0.11,0.11,0.05

48422895,a/g,-0.00,-0.00,1.00,-0.02,-0.08,-0.08
48476631,a/g,-0.00,-0.00,1.00,-0.04,0.01,0.04

48530396,a/g,0.00,-0.00,1.00,-0.06,0.04,0.01
