3043421330,a/g,60,-132,16273,0,-6,6
3043433945 micros (GPS)
$GPGSV,4,3,13,29,39,310,,31,11,3
3043479189,a/g,49,-179,16354,-6,-6,4
3043531941,a/g,9,-83,16313,13,-3,-5
3043544554 micros (GPS)
07,,46,49,198,,48,47,205,*7E
$G
3043589774,a/g,17,-148,16319,8,-2,-2
3043642525,a/g,13,-168,16357,9,-2,-13
3043655274 micros (GPS)
PGSV,4,4,13,51,48,161,*45
$GLGS
3043701008,a/g,-39,-186,16315,0,-4,-1
3043753824,a/g,44,-173,16348,1,6,-5
3043766441 micros (GPS)
V,3,1,09,70,25,052,,71,33,110,,7
3043811563,a/g,-4,-152,16276,3,-1,1
3043864248,a/g,5,-169,16309,3,-9,3
3043876796 micros (GPS)
2,11,157,36,75,17,190,*60
$GLGS
3043922394,a/g,-1,-171,16305,4,-10,-6
3043975210,a/g,8,-146,16328,-4,3,-7
3043987825 micros (GPS)
V,3,2,09,76,45,234,,77,30,314,,8
3044033259,a/g,46,-177,16292,3,10,-2
3044086010,a/g,5,-191,16354,-6,5,0
3044098558 micros (GPS)
5,17,061,,86,49,003,25*66
$GLGS
3044144393,a/g,15,-178,16312,10,7,-6
3044197146,a/g,17,-172,16322,5,10,4
3044209763 micros (GPS)
V,3,3,09,87,26,290,*5C
$GNGLL,,
3044255019,a/g,11,-166,16321,-13,6,8
3044307771,a/g,41,-139,16382,-9,-9,-5
3044320519 micros (GPS)
,,,204943.00,V,N*5C
$GNTXT,01,0
3044365924,a/g,20,-151,16324,4,7,-2
3044418608,a/g,1,-177,16303,-9,-4,3
3044431222 micros (GPS)
1,02,ANTSTATUS=OK*25
$GNRMC,204
3044476760,a/g,46,-188,16293,2,4,4
3044529380,a/g,32,-238,16353,8,2,-2
3044541995 micros (GPS)
944.00,V,,,,,,,210718,,,N*61
$G
3044587665,a/g,-23,-121,16336,7,4,-17
3044640484,a/g,-12,-204,16328,9,1,-1
3044653166 micros (GPS)
NVTG,,,,,,,,,N*2E
$GNGGA,204944
3044698842,a/g,0,-149,16324,-10,7,-8
3044751592,a/g,-3,-176,16341,-5,2,7
3044764206 micros (GPS)
.00,,,,,0,00,99.99,,,,,,*77
$GN
3044809398,a/g,0,-132,16301,-6,1,-9
3044862081,a/g,5,-174,16364,8,9,-6
3044874629 micros (GPS)
GSA,A,1,,,,,,,,,,,,,99.99,99.99,
3044919659,a/g,21,-175,16360,9,9,-2
3044972344,a/g,2,-175,16344,0,-3,-11
3044985026 micros (GPS)
99.99*2E
$GNGSA,A,1,,,,,,,,,,,,
3045030536,a/g,-16,-184,16361,1,-5,-1
3045083353,a/g,8,-171,16324,8,5,5
3045095836 micros (GPS)
,99.99,99.99,99.99*2E
$GPGSV,4,
3045141165,a/g,14,-134,16348,6,0,-10
3045193919,a/g,31,-183,16307,-1,9,1
3045206534 micros (GPS)
1,13,02,46,041,,05,56,112,,06,03
3045251643,a/g,29,-200,16363,15,-4,1
3045304395,a/g,76,-155,16293,9,6,2
3045316944 micros (GPS)
,053,,12,59,162,*76
$GPGSV,4,2,
3045362256,a/g,13,-160,16333,5,7,-16
3045415007,a/g,25,-155,16311,11,1,4
3045427624 micros (GPS)
13,19,00,096,,21,08,244,,24,03,1
3045472648,a/g,17,-172,16344,7,4,-2
3045525334,a/g,-25,-129,16314,11,-3,-8
3045538149 micros (GPS)
95,,25,67,289,*7E
$GPGSV,4,3,13
3045584064,a/g,17,-140,16346,13,-1,2
3045636816,a/g,22,-189,16343,-10,-9,-1
3045649632 micros (GPS)
,29,39,310,,31,11,307,,46,49,198
3045694744,a/g,-4,-171,16308,17,3,-6
3045747494,a/g,45,-188,16332,-2,6,-4
3045760176 micros (GPS)
,,48,47,205,*7E
$GPGSV,4,4,13,5
3045805364,a/g,-4,-163,16320,-4,4,-3
3045858114,a/g,22,-166,16309,10,1,-7
3045870798 micros (GPS)
1,48,161,*45
$GLGSV,3,1,09,70,2
3045916332,a/g,5,-165,16365,3,-2,-4
3045969015,a/g,40,-184,16327,12,-1,0
3045981699 micros (GPS)
5,052,,71,33,110,,72,11,157,36,7
3046026828,a/g,33,-156,16350,-2,1,1
3046079512,a/g,21,-150,16348,-4,-3,-7
3046092260 micros (GPS)
5,17,190,*60
$GLGSV,3,2,09,76,4
3046137586,a/g,10,-187,16293,5,6,-4
3046190271,a/g,-25,-168,16365,0,2,-2
3046202953 micros (GPS)
5,234,,77,30,314,,85,17,061,,86,
3046248195,a/g,12,-145,16352,17,7,3
3046300881,a/g,-6,-158,16377,4,-2,8
3046313495 micros (GPS)
49,003,24*67
$GLGSV,3,3,09,87,2
3046359143,a/g,40,-181,16350,-2,-2,1
3046411893,a/g,-12,-150,16386,1,17,-3
3046424643 micros (GPS)
6,290,*5C
$GNGLL,,,,,204944.00,
3046470208,a/g,20,-156,16303,2,1,0
3046522826,a/g,4,-176,16340,-12,-7,1
3046535507 micros (GPS)
V,N*5B
$GNRMC,204945.00,V,,,,,,
3046580661,a/g,26,-165,16309,3,1,0
3046633279,a/g,21,-187,16391,11,-3,-1
3046646028 micros (GPS)
,210718,,,N*60
$GNVTG,,,,,,,,,N
3046691450,a/g,10,-212,16311,1,1,-2
3046744134,a/g,-35,-128,16321,15,14,-2
3046756952 micros (GPS)
*2E
$GNGGA,204945.00,,,,,0,00,9
3046802320,a/g,56,-136,16290,10,5,-2
3046855074,a/g,6,-162,16319,-1,6,-1
3046867687 micros (GPS)
9.99,,,,,,*76
$GNGSA,A,1,,,,,,,
3046912770,a/g,-9,-150,16315,13,19,-6
3046965589,a/g,-38,-138,16287,27,9,-5
3046978338 micros (GPS)
,,,,,,99.99,99.99,99.99*2E
$GNG
3047024036,a/g,-22,-172,16329,8,10,-2
3047076854,a/g,0,-176,16331,15,6,-3
3047089469 micros (GPS)
SA,A,1,,,,,,,,,,,,,99.99,99.99,9
3047134641,a/g,11,-196,16334,26,15,-9
3047187462,a/g,-19,-169,16316,17,25,2
3047200213 micros (GPS)
9.99*2E
$GPGSV,4,1,13,02,46,041
3047245428,a/g,23,-110,16304,19,12,-2
3047298248,a/g,-3,-180,16356,7,9,9
3047310798 micros (GPS)
,,05,56,112,,06,03,053,,12,59,16
3047356380,a/g,-32,-120,16289,14,10,-13
3047409333,a/g,6,-187,16357,25,8,-4
3047421949 micros (GPS)
2,*76
$GPGSV,4,2,13,19,00,096,,
3047467401,a/g,-12,-190,16316,9,3,-13
3047520221,a/g,-64,-170,16332,8,-3,-14
3047533036 micros (GPS)
21,08,244,,24,03,195,,25,67,289,
3047578835,a/g,-72,-158,16320,7,3,5
3047631519,a/g,28,-151,16351,18,8,6
3047644138 micros (GPS)
*7E
$GPGSV,4,3,13,29,39,310,,31
3047689438,a/g,-86,-121,16340,11,10,-13
3047742391,a/g,-10,-183,16322,8,5,-13
3047755141 micros (GPS)
,11,307,,46,49,198,,48,47,205,*7
3047800343,a/g,63,-101,16345,-2,5,-2
3047853094,a/g,-3,-148,16326,3,-1,8
3047865707 micros (GPS)
E
$GPGSV,4,4,13,51,48,161,*45

3047911023,a/g,-20,-173,16352,-16,3,-3
3047963908,a/g,6,-129,16414,-1,2,-2
3047976521 micros (GPS)
$GLGSV,3,1,09,70,25,052,,71,33,1
3048021649,a/g,-1,-158,16326,12,0,3
3048074333,a/g,-15,-145,16316,6,3,3
3048086949 micros (GPS)
10,,72,11,157,35,75,17,190,*63

3048132002,a/g,-50,-168,16334,15,-2,-10
3048184954,a/g,53,-166,16300,-5,2,3
3048197569 micros (GPS)
$GLGSV,3,2,09,76,45,234,,77,30,3
3048244097,a/g,-47,-178,16341,0,2,0
3048296781,a/g,-17,-115,16288,4,5,-1
3048309463 micros (GPS)
14,,85,17,061,,86,49,003,*61
$G
3048354613,a/g,39,-128,16195,10,10,-6
3048407433,a/g,-31,-104,16424,8,-3,2
3048420114 micros (GPS)
LGSV,3,3,09,87,26,290,*5C
$GNGL
3048465251,a/g,-57,-126,16286,2,8,-7
3048518002,a/g,53,-122,16305,11,1,3
3048530619 micros (GPS)
L,,,,,204945.00,V,N*5A
$GNRMC,2
3048575840,a/g,20,-144,16299,-10,-3,4
3048628658,a/g,-51,-145,16311,2,6,-2
3048641340 micros (GPS)
04946.00,V,,,,,,,210718,,,N*63

3048686514,a/g,-20,-124,16296,14,-3,2
3048739332,a/g,71,-183,16339,2,-5,-2
3048752014 micros (GPS)
$GNVTG,,,,,,,,,N*2E
$GNGGA,2049
3048797468,a/g,-64,-148,16309,-1,-10,-5
3048850419,a/g,-40,-143,16340,3,0,-3
3048863101 micros (GPS)
46.00,,,,,0,00,99.99,,,,,,*75
$
3048908510,a/g,53,-188,16365,10,1,5
3048961195,a/g,36,-189,16338,-5,-1,-6
3048973943 micros (GPS)
GNGSA,A,1,,,,,,,,,,,,,99.99,99.9
3049019469,a/g,-77,-101,16339,-13,-11,-10
3049072555,a/g,32,-151,16352,-23,-5,1
3049085305 micros (GPS)
9,99.99*2E
$GNGSA,A,1,,,,,,,,,,
3049130538,a/g,-57,-112,16222,-18,-6,-2
3049183489,a/g,-56,-85,16311,-49,-51,-11
3049196438 micros (GPS)
,,,99.99,99.99,99.99*2E
$GPGSV,
3049241584,a/g,-159,-187,16274,-67,-35,8
3049294604,a/g,54,-295,16431,-51,-31,11
3049307489 micros (GPS)
4,1,13,02,46,041,25,05,56,112,,0
3049352553,a/g,-602,867,15874,-56,95,7
3049405440,a/g,147,112,16260,-38,-40,25
3049418327 micros (GPS)
6,03,053,,12,59,162,*71
$GPGSV,
3049464607,a/g,153,249,16177,9,-19,-10
3049517496,a/g,84,141,16313,2,6,-1
3049530045 micros (GPS)
4,2,13,19,00,096,,21,08,244,,24,
3049575129,a/g,49,-368,16448,11,9,2
3049627815,a/g,46,-169,16372,43,24,-12
3049640634 micros (GPS)
03,195,,25,67,289,*7E
$GPGSV,4,
3049685869,a/g,-149,-394,16301,-4,19,7
3049738753,a/g,36,-383,16387,6,12,1
3049751371 micros (GPS)
3,13,29,39,310,,31,11,307,,46,49
3049796737,a/g,145,-323,16432,4,-5,2
3049849490,a/g,18,-325,16457,-2,-4,-8
3049862237 micros (GPS)
,198,,48,47,205,*7E
$GPGSV,4,4,
3049908633,a/g,-126,-211,16483,17,-5,-8
3049961585,a/g,62,-156,16252,13,-2,-6
3049974335 micros (GPS)
13,51,48,161,*45
$GLGSV,3,1,09,
3050019443,a/g,26,-186,16332,-7,-4,-7
3050072259,a/g,34,-101,16359,20,21,-1
3050085010 micros (GPS)
70,25,052,,71,33,110,,72,11,157,
3050130342,a/g,311,-109,16216,126,96,-18
3050183366,a/g,71,-82,16427,68,16,-9
3050196049 micros (GPS)
34,75,17,190,*62
$GLGSV,3,2,09,
3050241218,a/g,-644,-111,16208,80,59,9
3050294105,a/g,-163,56,16277,29,4,-3
3050306790 micros (GPS)
76,45,234,,77,30,314,,85,17,061,
3050352063,a/g,489,-260,16450,-2,-7,-2
3050404947,a/g,25,-168,16283,16,3,-2
3050417631 micros (GPS)
,86,49,003,*61
$GLGSV,3,3,09,87
3050463925,a/g,-299,-169,16376,-6,-4,-6
3050516876,a/g,-70,-169,16270,-6,11,-9
3050529691 micros (GPS)
,26,290,*5C
$GNGLL,,,,,204946.0
3050575130,a/g,250,-157,16298,14,0,7
3050627883,a/g,-11,-135,16290,0,9,-4
3050640565 micros (GPS)
0,V,N*59
$GNRMC,204947.00,V,,,,
3050685756,a/g,-131,-159,16350,4,1,0
3050738508,a/g,20,-114,16287,7,16,6
3050751126 micros (GPS)
,,,210718,,,N*62
$GNVTG,,,,,,,,
3050796543,a/g,88,-131,16334,5,5,-6
3050849229,a/g,-34,-183,16313,7,6,-4
3050861912 micros (GPS)
,N*2E
$GNGGA,204947.00,,,,,0,00
3050907426,a/g,-55,-134,16331,13,5,4
3050960178,a/g,52,-134,16349,6,7,-8
3050972795 micros (GPS)
,99.99,,,,,,*74
$GNGSA,A,1,,,,,
3051018462,a/g,-1,-163,16338,6,0,-1
3051071145,a/g,-38,-153,16370,17,4,-13
3051083962 micros (GPS)
,,,,,,,,99.99,99.99,99.99*2E
$G
3051129271,a/g,-10,-194,16345,-4,6,3
3051182023,a/g,-18,-163,16355,-9,-5,5
3051194770 micros (GPS)
NGSA,A,1,,,,,,,,,,,,,99.99,99.99
3051239934,a/g,-20,-142,16314,-10,5,2
3051292752,a/g,8,-189,16361,9,-7,2
3051305300 micros (GPS)
,99.99*2E
$GPGSV,4,1,13,02,46,0
3051350603,a/g,-9,-141,16308,8,-1,2
3051403285,a/g,-18,-115,16301,12,4,-3
3051416034 micros (GPS)
41,,05,56,112,27,06,03,053,,12,5
3051461275,a/g,-3,-189,16329,1,2,-6
3051513959,a/g,-28,-178,16355,-14,-5,3
3051526774 micros (GPS)
9,162,*73
$GPGSV,4,2,13,19,00,0
3051572352,a/g,-11,-157,16354,23,-6,5
3051625170,a/g,1,-183,16365,-2,-7,8
3051637785 micros (GPS)
96,,21,08,244,,24,03,195,,25,67,
3051683866,a/g,-3,-150,16331,8,-7,-5
3051736614,a/g,20,-163,16348,4,2,0
3051749164 micros (GPS)
289,*7E
$GPGSV,4,3,13,29,39,310
3051794295,a/g,29,-156,16359,11,0,-5
3051847048,a/g,-10,-151,16346,15,3,-8
3051859799 micros (GPS)
,,31,11,307,,46,49,198,,48,47,20
3051905340,a/g,-37,-129,16357,2,4,-3
3051958090,a/g,19,-161,16346,19,-1,5
3051970773 micros (GPS)
5,*7E
$GPGSV,4,4,13,51,48,161,*
3052016754,a/g,-8,-121,16360,3,2,-5
3052069436,a/g,11,-146,16356,3,-5,-10
3052082185 micros (GPS)
45
$GLGSV,3,1,09,70,25,052,,71,
3052128223,a/g,-33,-137,16347,-6,0,-6
3052181040,a/g,9,-176,16348,0,2,-7
3052193587 micros (GPS)
33,110,,72,11,157,34,75,17,190,*
3052239238,a/g,8,-156,16347,13,9,-5
3052291922,a/g,-52,-132,16299,15,6,2
3052304606 micros (GPS)
62
$GLGSV,3,2,09,76,45,234,,77,
3052349819,a/g,-30,-184,16372,8,8,-11
3052402637,a/g,41,-188,16337,7,-3,-10
3052415386 micros (GPS)
30,314,,85,17,061,,86,49,003,*61
3052460573,a/g,-17,-166,16306,9,-2,-18
3052513458,a/g,-41,-155,16374,-3,-7,-7
3052526271 micros (GPS)

$GLGSV,3,3,09,87,26,290,*5C
$
3052571894,a/g,-122,-207,16359,-2,27,0
3052624779,a/g,14,-121,16328,-2,13,-12
3052637597 micros (GPS)
GNGLL,,,,,204947.00,V,N*58
$GNR
3052683920,a/g,-43,-199,16382,4,-13,9
3052736738,a/g,5,-104,16346,8,10,4
3052749288 micros (GPS)
MC,204948.00,V,,,,,,,210718,,,N*
3052794374,a/g,28,-165,16354,3,-6,-5
3052847125,a/g,-41,-165,16349,-9,-9,-8
3052859938 micros (GPS)
6D
$GNVTG,,,,,,,,,N*2E
$GNGGA,
3052905400,a/g,-4,-137,16353,9,5,-1
3052958082,a/g,77,-183,16365,4,9,5
3052970631 micros (GPS)
204948.00,,,,,0,00,99.99,,,,,,*7
3053016460,a/g,-40,-148,16328,-2,1,-4
3053069276,a/g,-16,-159,16394,0,3,-4
3053081957 micros (GPS)
B
$GNGSA,A,1,,,,,,,,,,,,,99.99,
3053127501,a/g,17,-134,16342,-2,1,-5
3053180253,a/g,-16,-100,16397,5,-4,0
3053192934 micros (GPS)
99.99,99.99*2E
$GNGSA,A,1,,,,,,
3053238733,a/g,-10,-152,16322,-2,1,-5
3053291549,a/g,3,-150,16369,8,1,-5
3053304098 micros (GPS)
,,,,,,,99.99,99.99,99.99*2E
$GP
3053349455,a/g,28,-171,16316,13,5,-8
3053402207,a/g,-43,-159,16395,5,2,3
3053414824 micros (GPS)
GSV,4,1,13,02,46,041,,05,56,112,
3053459928,a/g,-33,-129,16321,12,4,-5
3053512746,a/g,6,-155,16384,21,7,-1
3053525361 micros (GPS)
25,06,03,053,,12,59,162,*71
$GP
3053570586,a/g,8,-117,16366,12,-4,14
3053623338,a/g,-32,-143,16323,-13,5,-5
3053636154 micros (GPS)
GSV,4,2,13,19,00,096,,21,08,244,
3053681288,a/g,8,-127,16379,0,-7,-3
3053733971,a/g,-5,-96,16288,8,1,-9
3053746517 micros (GPS)
,24,03,195,,25,67,289,*7E
$GPGS
3053791993,a/g,12,-147,16333,1,-1,-10
3053844811,a/g,-6,-152,16324,-4,17,10
3053857561 micros (GPS)
V,4,3,13,29,39,310,,31,11,307,,4
3053903720,a/g,31,-104,16289,11,2,-11
3053956541,a/g,-21,-155,16312,-4,2,0
3053969223 micros (GPS)
6,49,198,,48,47,205,*7E
$GPGSV,
3054014432,a/g,-41,-143,16294,-1,5,-7
3054067248,a/g,16,-155,16310,3,7,4
3054079800 micros (GPS)
4,4,13,51,48,161,*45
$GLGSV,3,1
3054125525,a/g,15,-161,16303,13,7,4
3054178211,a/g,-37,-110,16321,6,0,3
3054190828 micros (GPS)
,09,70,25,052,,71,33,110,,72,11,
3054236752,a/g,-28,-135,16298,5,1,-1
3054289503,a/g,20,-149,16262,6,1,0
3054302053 micros (GPS)
157,34,75,17,190,*62
$GLGSV,3,2
3054347801,a/g,-27,-132,16299,3,-2,18
3054400619,a/g,-67,-145,16307,13,6,-6
3054413369 micros (GPS)
,09,76,45,234,,77,30,314,,85,17,
3054459162,a/g,12,-170,16291,28,1,9
3054511849,a/g,4,-125,16297,0,-2,2
3054524396 micros (GPS)
061,,86,49,003,*61
$GLGSV,3,3,0
3054569713,a/g,-18,-114,16311,-4,5,-2
3054622530,a/g,-28,-198,16360,1,6,4
3054635146 micros (GPS)
9,87,26,290,*5C
$GNGLL,,,,,2049
3054680291,a/g,2,-140,16327,-9,8,-10
3054733041,a/g,-23,-154,16291,9,-2,6
3054745723 micros (GPS)
48.00,V,N*57
$GNRMC,204949.00,V
3054791575,a/g,-11,-158,16307,5,11,4
3054844328,a/g,1,-133,16317,6,-2,-3
3054856942 micros (GPS)
,,,,,,,210718,,,N*6C
$GNVTG,,,,
3054902396,a/g,2,-112,16278,5,10,3
3054955015,a/g,3,-169,16269,-10,0,4
3054967631 micros (GPS)
,,,,,N*2E
$GNGGA,204949.00,,,,,
3055012746,a/g,-36,-122,16272,5,8,1
3055065430,a/g,34,-134,16317,-6,0,0
3055078046 micros (GPS)
0,00,99.99,,,,,,*7A
$GNGSA,A,1,
3055123962,a/g,15,-134,16327,1,10,-5
3055176716,a/g,-19,-144,16305,6,-2,-5
3055189463 micros (GPS)
,,,,,,,,,,,,99.99,99.99,99.99*2E
3055234590,a/g,-6,-170,16308,5,10,-3
3055287341,a/g,85,-187,16377,15,1,3
3055299958 micros (GPS)

$GNGSA,A,1,,,,,,,,,,,,,99.99,9
3055345515,a/g,-20,-113,16329,-2,-1,-1
3055398397,a/g,-3,-139,16290,2,4,-2
3055411011 micros (GPS)
9.99,99.99*2E
$GPGSV,4,1,13,02,
3055456456,a/g,16,-158,16334,-1,-5,-4
3055509274,a/g,-12,-159,16358,6,1,1
3055521891 micros (GPS)
46,041,,05,56,112,23,06,03,053,,
3055567589,a/g,-38,-131,16355,2,4,-4
3055620340,a/g,13,-154,16336,5,-4,-5
3055633022 micros (GPS)
12,59,162,*77
$GPGSV,4,2,13,19,
3055678680,a/g,17,-157,16363,8,-1,-4
3055731430,a/g,-37,-150,16346,13,5,2
3055744114 micros (GPS)
00,096,,21,08,244,,24,03,195,,25
3055789531,a/g,8,-115,16319,-1,6,2
3055842148,a/g,6,-142,16320,12,-1,-14
3055854899 micros (GPS)
,67,289,*7E
$GPGSV,4,3,13,29,39
3055900158,a/g,-29,-109,16318,-5,11,-2
3055953042,a/g,43,-151,16315,0,12,0
3055965659 micros (GPS)
,310,,31,11,307,,46,49,198,,48,4
3056010813,a/g,49,-123,16305,12,14,0
3056063566,a/g,-28,-139,16335,3,10,-1
3056076315 micros (GPS)
7,205,*7E
$GPGSV,4,4,13,51,48,1
3056121510,a/g,-39,-138,16374,0,2,5
3056174196,a/g,34,-159,16329,20,-4,5
3056186881 micros (GPS)
61,*45
$GLGSV,3,1,09,70,25,052,
3056231958,a/g,-2,-185,16315,7,-7,-1
3056284707,a/g,-8,-130,16319,12,11,-7
3056297456 micros (GPS)
,71,33,110,,72,11,157,33,75,17,1
3056342837,a/g,-11,-149,16300,1,-9,-7
3056395654,a/g,4,-197,16303,7,0,-8
3056408201 micros (GPS)
90,*65
$GLGSV,3,2,09,76,45,234,
3056453611,a/g,-38,-100,16322,1,-1,-10
3056506496,a/g,-15,-154,16299,6,5,-2
3056519177 micros (GPS)
,77,30,314,,85,17,061,,86,49,003
3056564688,a/g,-36,-133,16302,9,6,8
3056617373,a/g,-35,-118,16320,2,9,-6
3056630055 micros (GPS)
,*61
$GLGSV,3,3,09,87,26,290,*5
3056675539,a/g,11,-145,16352,4,5,-5
3056728223,a/g,6,-120,16302,1,3,2
3056740705 micros (GPS)
C
$GNGLL,,,,,204949.00,V,N*56

3056786595,a/g,-12,-130,16312,3,13,-11
3056839482,a/g,-22,-128,16314,1,-9,-1
3056852229 micros (GPS)
$GNTXT,01,01,01,More than 100 fr
3056897488,a/g,-32,-141,16343,2,2,-4
3056950238,a/g,16,-170,16356,3,-1,-3
3056962921 micros (GPS)
ame errors, UART RX was disabled
3057008684,a/g,20,-185,16376,9,12,1
3057061369,a/g,8,-171,16362,18,-2,-3
3057074051 micros (GPS)
*70
$GNRMC,204950.00,V,,,,,,,21
3057119686,a/g,0,-127,16345,3,7,2
3057172237,a/g,2,-173,16367,12,-3,-3
3057184919 micros (GPS)
0718,,,N*64
$GNVTG,,,,,,,,,N*2E
3057230465,a/g,13,-96,16375,15,0,-3
3057283149,a/g,-18,-200,16334,-9,11,-6
3057295964 micros (GPS)

$GNGGA,204950.00,,,,,0,00,99.9
3057341381,a/g,36,-249,16400,-21,5,2
3057394133,a/g,-20,-134,16374,17,-4,-4
3057406948 micros (GPS)
9,,,,,,*72
$GNGSA,A,1,,,,,,,,,,
3057452290,a/g,47,-121,16348,-14,1,12
3057505111,a/g,-109,-249,16399,0,-1,-16
3057517993 micros (GPS)
,,,99.99,99.99,99.99*2E
$GNGSA,
3057563472,a/g,6,-47,16245,3,6,-9
3057616021,a/g,63,-95,16335,-14,4,3
3057628636 micros (GPS)
A,1,,,,,,,,,,,,,99.99,99.99,99.9
3057674113,a/g,-1,-148,16322,5,3,6
3057726728,a/g,-10,-62,16298,3,-3,1
3057739342 micros (GPS)
9*2E
$GPGSV,4,1,13,02,46,041,26
3057784695,a/g,6,-157,16385,-2,3,3
3057837312,a/g,2,-116,16329,17,-1,4
3057849927 micros (GPS)
,05,56,112,,06,03,053,23,12,59,1
3057895399,a/g,-34,-121,16336,13,4,-1
3057948217,a/g,6,-117,16258,17,-3,-7
3057960900 micros (GPS)
62,*73
$GPGSV,4,2,13,19,00,096,
3058006556,a/g,27,-126,16282,8,5,-1
3058059240,a/g,-2,-155,16321,10,0,-12
3058071989 micros (GPS)
,21,08,244,,24,03,195,,25,67,289
3058117219,a/g,-5,-118,16300,2,3,-5
3058169903,a/g,78,-183,16308,8,-4,1
3058182518 micros (GPS)
,*7E
$GPGSV,4,3,13,29,39,310,,3
3058228431,a/g,-52,-80,16317,14,14,-15
3058281317,a/g,-27,-161,16274,1,-5,1
3058293998 micros (GPS)
1,11,307,,46,49,198,,48,47,205,*
3058340695,a/g,74,-144,16286,22,-14,-9
3058393580,a/g,10,-14,16248,2,-8,3
3058406129 micros (GPS)
7E
$GPGSV,4,4,13,51,48,161,*45
3058451346,a/g,-1,-273,16363,-4,-1,-8
3058504161,a/g,27,-153,16305,7,5,-7
3058516776 micros (GPS)

$GLGSV,3,1,09,70,25,052,,71,33,
3058562630,a/g,-34,-117,16313,8,-5,-10
3058615515,a/g,-48,-117,16348,10,2,0
3058628198 micros (GPS)
110,,72,11,157,33,75,17,190,*65
3058673562,a/g,39,-149,16317,15,3,2
3058726247,a/g,51,-145,16336,1,2,-2
3058738865 micros (GPS)

$GLGSV,3,2,09,76,45,234,,77,30,
3058784765,a/g,-31,-133,16327,6,-3,-7
3058837583,a/g,-23,-110,16315,6,3,-7
3058850264 micros (GPS)
314,,85,17,061,,86,49,003,*61
$
3058895734,a/g,34,-158,16304,0,2,4
3058948352,a/g,3,-196,16355,23,5,-2
3058960968 micros (GPS)
GLGSV,3,3,09,87,26,290,*5C
$GNG
3059006441,a/g,-21,-146,16361,-6,-3,1
3059059258,a/g,0,-156,16332,6,-1,-1
3059071872 micros (GPS)
LL,,,,,204950.00,V,N*5E
$GNTXT,
3059117292,a/g,34,-167,16331,11,0,-9
3059170045,a/g,-50,-142,16329,-2,2,-7
3059182794 micros (GPS)
01,01,01,More than 100 frame err
3059228602,a/g,8,-148,16369,5,0,-3
3059281219,a/g,46,-156,16356,7,17,-1
3059293904 micros (GPS)
ors, UART RX was disabled*70
$G
3059339638,a/g,-28,-139,16334,6,4,7
3059392323,a/g,-23,-135,16335,10,0,4
3059405006 micros (GPS)
NRMC,204951.00,V,,,,,,,210718,,,
3059450410,a/g,60,-165,16316,5,7,-5
3059503096,a/g,-22,-158,16340,9,-4,4
3059515777 micros (GPS)
N*65
$GNVTG,,,,,,,,,N*2E
$GNGG
3059560968,a/g,-39,-149,16300,9,4,-7
3059613719,a/g,13,-146,16278,-1,-1,-6
3059626467 micros (GPS)
A,204951.00,,,,,0,00,99.99,,,,,,
3059671592,a/g,44,-142,16338,3,1,6
3059724210,a/g,-30,-123,16358,0,9,1
3059736827 micros (GPS)
*73
$GNGSA,A,1,,,,,,,,,,,,,99.9
3059782107,a/g,-32,-130,16324,3,2,4
3059834793,a/g,53,-139,16349,13,-2,7
3059847476 micros (GPS)
9,99.99,99.99*2E
$GNGSA,A,1,,,,
3059892555,a/g,32,-145,16348,7,6,-10
3059945308,a/g,-41,-146,16303,14,-3,6
3059958058 micros (GPS)
,,,,,,,,,99.99,99.99,99.99*2E
$
3060003137,a/g,12,-137,16316,16,7,2
3060055823,a/g,9,-129,16319,-8,1,-5
3060068437 micros (GPS)
GPGSV,4,1,13,02,46,041,,05,56,11
3060113605,a/g,-1,-157,16302,4,5,-1
3060166290,a/g,10,-123,16280,8,2,-8
3060178906 micros (GPS)
2,,06,03,053,,12,59,162,25*71
$
3060224696,a/g,27,-155,16295,15,7,-8
3060277448,a/g,-10,-145,16320,11,10,-7
3060290266 micros (GPS)
GPGSV,4,2,13,19,00,096,,21,08,24
3060335726,a/g,-21,-135,16308,8,8,-4
3060388476,a/g,60,-131,16294,1,0,0
3060401025 micros (GPS)
4,,24,03,195,,25,67,289,*7E
$GP
3060446463,a/g,-10,-149,16302,12,-6,10
3060499350,a/g,-17,-153,16335,13,-6,-13
3060512233 micros (GPS)
GSV,4,3,13,29,39,310,,31,11,307,
3060557494,a/g,5,-163,16261,2,0,0
3060610045,a/g,3,-139,16331,7,3,-9
3060622592 micros (GPS)
,46,49,198,,48,47,205,*7E
$GPGS
3060667959,a/g,-40,-129,16301,8,4,-3
3060720709,a/g,5,-88,16317,3,-9,2
3060733189 micros (GPS)
V,4,4,13,51,48,161,*45
$GLGSV,3
3060779233,a/g,12,-127,16296,-2,2,-8
3060831985,a/g,-21,-135,16312,-1,-5,-3
3060844800 micros (GPS)
,1,09,70,25,052,,71,33,110,,72,1
3060890284,a/g,-35,-136,16338,3,-1,-11
3060943168,a/g,17,-131,16349,10,0,5
3060955787 micros (GPS)
1,157,33,75,17,190,*65
$GLGSV,3
3061000860,a/g,-32,-130,16317,-1,5,-1
3061053676,a/g,-36,-142,16330,2,4,-8
3061066358 micros (GPS)
,2,09,76,45,234,,77,30,314,,85,1
3061111532,a/g,22,-152,16318,6,-1,-7
3061164284,a/g,-19,71,16288,9,-8,3
3061176833 micros (GPS)
7,061,,86,49,003,*61
$GLGSV,3,3
3061222166,a/g,9,-292,16334,-5,3,6
3061274782,a/g,-5,-116,16328,-4,9,-7
3061287462 micros (GPS)
,09,87,26,290,*5C
$GNGLL,,,,,20
3061332870,a/g,14,-181,16344,13,-5,-9
3061385687,a/g,5,-188,16346,0,8,-3
3061398235 micros (GPS)
4951.00,V,N*5F
$GNRMC,204952.00
3061443516,a/g,-15,-162,16350,7,7,4
3061496202,a/g,-11,-196,16357,3,9,2
3061508818 micros (GPS)
,V,,,,,,,210718,,,N*66
$GNVTG,,
3061554458,a/g,-17,-173,16365,17,-1,0
3061607277,a/g,-13,-139,16305,7,4,0
3061619893 micros (GPS)
,,,,,,,N*2E
$GNGGA,204952.00,,,
3061665006,a/g,-9,-122,16351,1,-5,1
3061717688,a/g,8,-102,16341,8,0,-1
3061730236 micros (GPS)
,,0,00,99.99,,,,,,*70
$GNGSA,A,
3061775820,a/g,-20,-110,16330,7,8,-1
3061828572,a/g,20,-138,16319,11,10,1
3061841256 micros (GPS)
1,,,,,,,,,,,,,99.99,99.99,99.99*
3061886559,a/g,8,-125,16308,12,-5,-6
3061939309,a/g,-62,-108,16349,10,8,-13
3061952127 micros (GPS)
2E
$GNGSA,A,1,,,,,,,,,,,,,99.99
3061997384,a/g,-18,-156,16317,8,6,-4
3062050134,a/g,39,-142,16350,8,2,-6
3062062749 micros (GPS)
,99.99,99.99*2E
$GPGSV,4,1,13,0
3062108402,a/g,-40,-128,16298,-5,-4,3
3062161220,a/g,-1,-110,16370,8,-9,8
3062173834 micros (GPS)
2,46,041,,05,56,112,,06,03,053,,
3062219559,a/g,31,-138,16331,4,-10,-7
3062272377,a/g,-7,-119,16381,3,5,-11
3062285058 micros (GPS)
12,59,162,*76
$GPGSV,4,2,13,19,
3062330607,a/g,-47,-156,16365,16,4,1
3062383358,a/g,38,-156,16340,17,11,3
3062396044 micros (GPS)
00,096,,21,08,244,,24,03,195,,25
3062441457,a/g,8,-147,16328,-2,3,-4
3062494141,a/g,-31,-136,16356,10,-9,2
3062506891 micros (GPS)
,67,289,*7E
$GPGSV,4,3,13,29,39
3062551938,a/g,47,-187,16327,8,5,-7
3062604622,a/g,-2,-134,16330,8,0,5
3062617170 micros (GPS)
,310,,31,11,307,,46,49,198,,48,4
3062662222,a/g,-14,-110,16346,7,-2,-8
3062715038,a/g,-1,-105,16334,-2,8,-8
3062727718 micros (GPS)
7,205,*7E
$GPGSV,4,4,13,51,48,1
3062773036,a/g,-9,-120,16330,5,15,6
3062825722,a/g,6,-155,16342,13,5,-12
3062838405 micros (GPS)
61,*45
$GLGSV,3,1,09,70,25,052,
3062884093,a/g,-16,-137,16331,9,1,-4
3062936844,a/g,-5,-131,16337,0,-6,-6
3062949524 micros (GPS)
,71,33,110,,72,11,157,33,75,17,1
3062994612,a/g,-18,-152,16314,-3,2,-8
3063047428,a/g,-46,-160,16305,-7,10,-1
3063060243 micros (GPS)
90,*65
$GLGSV,3,2,09,76,45,234,
3063105826,a/g,33,-125,16333,6,-2,-2
3063158578,a/g,-2,-158,16339,4,6,-4
3063171191 micros (GPS)
,77,30,314,,85,17,061,,86,49,003